t # 0 
v 0 0
v 1 1
e 1 0 0
t # 1 
v 0 2
v 1 3
v 2 2
v 3 4
e 2 1 1
e 3 2 2
e 3 0 2
t # 2 
v 0 5
v 1 2
v 2 2
v 3 5
v 4 5
v 5 5
v 6 5
v 7 2
v 8 2
v 9 5
v 10 5
v 11 5
v 12 5
v 13 5
v 14 5
v 15 5
v 16 5
v 17 5
v 18 5
v 19 5
v 20 5
v 21 5
v 22 2
v 23 5
v 24 5
v 25 5
v 26 5
v 27 5
v 28 2
v 29 5
v 30 5
v 31 2
v 32 5
v 33 5
v 34 3
v 35 2
v 36 5
v 37 2
v 38 5
v 39 5
v 40 5
v 41 5
v 42 2
v 43 2
v 44 5
v 45 2
v 46 2
v 47 5
v 48 2
v 49 2
e 2 1 2
e 3 1 1
e 4 1 2
e 5 4 2
e 6 5 2
e 7 6 2
e 8 7 1
e 9 7 2
e 10 9 2
e 11 10 2
e 12 11 2
e 13 11 2
e 14 13 2
e 15 14 2
e 16 15 2
e 17 10 2
e 18 17 2
e 19 18 2
e 20 19 2
e 21 19 2
e 22 21 2
e 23 22 2
e 24 22 2
e 25 24 2
e 26 25 2
e 27 26 2
e 28 27 2
e 29 28 2
e 30 28 2
e 31 30 2
e 32 31 2
e 33 31 2
e 34 33 2
e 35 33 2
e 36 17 2
e 37 36 2
e 38 37 1
e 39 37 2
e 40 39 2
e 41 40 2
e 42 41 2
e 43 42 2
e 44 42 1
e 45 40 2
e 46 45 2
e 47 45 1
e 48 5 2
e 49 48 2
e 48 0 1
t # 3 
v 0 5
v 1 5
v 2 5
v 3 5
v 4 5
v 5 5
v 6 5
v 7 2
v 8 5
v 9 5
v 10 5
v 11 5
v 12 5
v 13 5
v 14 5
v 15 2
e 2 1 3
e 3 2 3
e 4 3 3
e 5 4 3
e 6 5 3
e 6 1 3
e 7 6 2
e 8 7 1
e 9 7 2
e 10 9 3
e 11 10 3
e 12 11 3
e 13 12 3
e 14 13 3
e 14 9 3
e 15 14 2
e 15 1 2
e 15 0 1
t # 4 
v 0 5
v 1 6
v 2 5
v 3 2
v 4 2
e 2 1 2
e 3 1 2
e 4 3 2
e 3 0 1
t # 5 
v 0 2
v 1 5
v 2 5
v 3 3
v 4 3
v 5 5
v 6 5
v 7 5
v 8 5
v 9 5
v 10 5
v 11 2
v 12 5
v 13 5
v 14 5
v 15 5
v 16 5
v 17 3
v 18 3
v 19 5
v 20 5
v 21 2
v 22 5
v 23 5
v 24 3
v 25 5
v 26 5
v 27 5
v 28 5
v 29 5
v 30 5
v 31 7
v 32 2
v 33 2
v 34 2
v 35 4
v 36 7
v 37 2
v 38 2
v 39 2
v 40 4
v 41 5
v 42 2
v 43 5
v 44 5
v 45 5
v 46 5
v 47 5
v 48 5
v 49 5
v 50 5
v 51 5
v 52 3
v 53 5
v 54 7
v 55 2
v 56 2
v 57 2
v 58 4
v 59 7
v 60 2
v 61 2
v 62 2
v 63 4
e 2 1 2
e 3 2 3
e 4 3 2
e 5 4 1
e 6 5 2
e 7 6 3
e 8 7 3
e 9 8 3
e 10 9 3
e 11 10 3
e 11 6 3
e 12 11 2
e 13 12 2
e 14 9 2
e 15 14 3
e 16 15 3
e 17 16 3
e 18 17 2
e 19 18 1
e 20 19 2
e 21 20 3
e 22 21 2
e 23 21 3
e 24 23 3
e 25 24 2
e 26 24 3
e 27 26 3
e 28 27 3
e 29 28 3
e 29 23 3
e 30 29 3
e 31 30 3
e 31 20 3
e 32 31 2
e 33 32 1
e 34 32 1
e 35 32 2
e 36 35 2
e 37 27 2
e 38 37 1
e 39 37 1
e 40 37 2
e 41 40 2
e 42 17 3
e 43 42 2
e 44 43 2
e 45 42 3
e 45 14 3
e 46 3 3
e 47 46 3
e 48 47 3
e 49 48 3
e 50 49 3
e 51 50 3
e 52 51 3
e 53 52 2
e 54 52 3
e 54 2 3
e 54 48 3
e 55 50 2
e 56 55 1
e 57 55 1
e 58 55 2
e 59 58 2
e 60 46 2
e 61 60 1
e 62 60 1
e 63 60 2
e 63 0 2
t # 6 
v 0 7
v 1 2
v 2 2
v 3 3
v 4 5
v 5 5
v 6 5
v 7 5
v 8 5
v 9 5
v 10 5
v 11 5
v 12 5
v 13 5
v 14 5
v 15 5
v 16 5
v 17 2
v 18 2
e 2 1 1
e 3 1 1
e 4 1 2
e 5 4 2
e 6 5 2
e 7 6 2
e 8 4 2
e 9 8 2
e 10 9 2
e 11 1 2
e 12 11 3
e 13 12 3
e 14 13 3
e 15 14 3
e 16 15 3
e 16 11 3
e 17 14 2
e 18 17 1
e 17 0 2
t # 7 
v 0 3
v 1 3
v 2 5
v 3 5
v 4 5
v 5 5
v 6 5
v 7 5
v 8 5
v 9 5
v 10 5
v 11 5
v 12 3
v 13 3
v 14 5
v 15 3
e 2 1 1
e 3 2 2
e 4 3 3
e 5 4 3
e 6 5 3
e 7 6 3
e 8 7 3
e 8 3 3
e 9 1 2
e 10 9 3
e 11 10 3
e 12 11 3
e 13 12 2
e 14 12 3
e 15 14 3
e 15 9 3
e 15 0 2
t # 8 
v 0 5
v 1 5
v 2 5
v 3 8
v 4 5
v 5 5
v 6 8
v 7 5
v 8 8
v 9 5
v 10 5
v 11 5
v 12 8
v 13 5
v 14 5
v 15 8
v 16 5
v 17 8
e 2 1 3
e 3 2 3
e 4 3 2
e 5 3 3
e 6 5 3
e 7 6 2
e 8 6 3
e 8 1 3
e 9 8 2
e 10 1 2
e 11 10 3
e 12 11 3
e 13 12 2
e 14 12 3
e 15 14 3
e 16 15 2
e 17 15 3
e 17 10 3
e 17 0 2
t # 9 
v 0 5
v 1 5
v 2 5
v 3 5
v 4 5
v 5 5
v 6 5
v 7 5
v 8 5
v 9 5
v 10 2
e 2 1 2
e 3 1 2
e 4 1 2
e 5 4 2
e 6 5 2
e 7 6 2
e 8 7 2
e 9 7 2
e 10 9 2
e 10 4 2
e 10 0 2
t # 10 
v 0 5
v 1 5
v 2 5
v 3 6
v 4 5
v 5 2
v 6 2
v 7 5
v 8 5
v 9 5
v 10 5
v 11 5
v 12 5
v 13 2
v 14 1
v 15 7
v 16 2
v 17 5
v 18 5
v 19 2
v 20 5
v 21 5
e 2 1 2
e 3 1 1
e 4 3 2
e 5 3 2
e 6 5 1
e 7 5 2
e 8 7 2
e 9 8 3
e 9 1 2
e 10 9 3
e 11 10 3
e 12 11 3
e 13 12 3
e 13 8 3
e 14 12 2
e 15 14 2
e 16 15 1
e 17 15 2
e 18 17 2
e 19 18 2
e 20 15 2
e 21 20 2
e 21 0 2
t # 11 
v 0 5
v 1 5
v 2 3
v 3 5
v 4 5
v 5 5
v 6 5
v 7 5
v 8 5
v 9 5
v 10 5
v 11 5
v 12 3
v 13 5
v 14 5
v 15 5
e 2 1 2
e 3 1 2
e 4 3 3
e 5 4 3
e 6 5 3
e 7 6 3
e 8 7 3
e 9 8 3
e 9 4 3
e 10 9 3
e 11 10 3
e 12 11 3
e 13 12 2
e 14 12 3
e 15 14 3
e 15 0 3
e 3 0 3
e 10 0 3
t # 12 
v 0 3
v 1 3
v 2 5
v 3 5
v 4 5
v 5 5
v 6 5
v 7 5
v 8 5
v 9 5
v 10 5
v 11 5
v 12 5
v 13 5
e 2 1 2
e 3 2 2
e 4 3 3
e 5 4 3
e 6 5 3
e 7 6 3
e 8 7 3
e 8 3 3
e 9 1 2
e 10 9 3
e 11 10 3
e 12 11 3
e 13 12 3
e 13 0 3
e 9 0 3
t # 13 
v 0 1
v 1 2
v 2 2
v 3 5
v 4 5
v 5 6
v 6 2
v 7 5
v 8 5
v 9 6
v 10 2
v 11 5
v 12 5
v 13 6
e 2 1 1
e 3 1 2
e 4 3 2
e 5 4 2
e 6 5 2
e 7 1 2
e 8 7 2
e 9 8 2
e 10 9 2
e 11 1 2
e 12 11 2
e 13 12 2
e 13 0 2
t # 14 
v 0 5
v 1 2
v 2 5
v 3 5
v 4 5
v 5 5
v 6 6
v 7 5
v 8 5
v 9 5
v 10 5
v 11 5
v 12 5
v 13 6
v 14 5
v 15 5
v 16 5
v 17 6
v 18 6
v 19 6
e 2 1 2
e 3 1 2
e 4 3 3
e 5 4 3
e 6 5 3
e 7 6 2
e 8 6 3
e 9 8 3
e 9 3 3
e 10 1 2
e 11 10 3
e 12 11 3
e 13 12 3
e 14 13 2
e 15 13 3
e 16 15 3
e 16 10 3
e 17 1 2
e 18 17 2
e 19 17 2
e 17 0 2
t # 15 
v 0 5
v 1 5
v 2 5
v 3 5
v 4 3
v 5 5
v 6 5
v 7 5
v 8 5
v 9 5
v 10 5
v 11 5
v 12 3
v 13 5
v 14 5
v 15 5
e 2 1 3
e 3 2 3
e 4 3 3
e 5 4 2
e 6 4 3
e 7 6 3
e 7 1 3
e 8 6 2
e 9 1 2
e 10 9 3
e 11 10 3
e 12 11 3
e 13 12 2
e 14 12 3
e 15 14 2
e 14 0 3
e 9 0 3
t # 16 
v 0 2
v 1 5
v 2 5
v 3 5
v 4 5
v 5 5
v 6 5
v 7 5
v 8 5
v 9 5
v 10 5
v 11 2
v 12 5
e 2 1 2
e 3 1 2
e 4 3 3
e 5 4 3
e 6 5 2
e 7 6 2
e 8 7 1
e 9 5 3
e 10 9 3
e 11 10 3
e 11 3 3
e 12 11 2
e 12 0 2
t # 17 
v 0 5
v 1 2
v 2 5
v 3 5
v 4 5
v 5 5
v 6 2
e 2 1 1
e 3 1 2
e 4 3 2
e 5 4 2
e 6 5 2
e 6 0 1
t # 18 
v 0 5
v 1 5
v 2 3
v 3 5
v 4 5
v 5 5
v 6 5
v 7 5
v 8 5
v 9 5
e 2 1 2
e 3 2 2
e 4 2 2
e 5 4 2
e 6 5 3
e 7 6 3
e 8 7 3
e 9 8 3
e 9 0 3
e 5 0 3
t # 19 
v 0 5
v 1 5
v 2 3
v 3 5
v 4 3
v 5 7
e 2 1 2
e 3 2 2
e 4 3 2
e 5 4 2
e 5 1 2
e 4 0 1
t # 20 
v 0 4
v 1 3
v 2 3
v 3 3
e 2 1 2
e 3 2 1
e 3 0 1
t # 21 
v 0 2
v 1 5
v 2 5
v 3 5
v 4 5
v 5 5
v 6 5
v 7 5
v 8 5
v 9 2
v 10 5
v 11 5
v 12 8
v 13 5
v 14 5
v 15 8
v 16 5
v 17 3
v 18 5
e 2 1 1
e 3 2 2
e 4 3 3
e 5 4 3
e 6 5 3
e 7 6 3
e 8 7 3
e 8 3 3
e 9 8 2
e 10 9 1
e 11 9 2
e 12 11 3
e 13 12 2
e 14 12 3
e 15 14 3
e 16 15 2
e 17 15 3
e 18 17 2
e 17 0 3
e 2 0 2
e 11 0 3
t # 22 
v 0 5
v 1 6
v 2 5
v 3 6
v 4 5
v 5 6
e 2 1 2
e 3 1 2
e 4 3 2
e 5 1 2
e 5 0 2
t # 23 
v 0 5
v 1 3
v 2 2
v 3 2
v 4 3
v 5 2
v 6 2
v 7 3
v 8 2
v 9 2
v 10 3
v 11 2
v 12 2
e 2 1 2
e 3 2 1
e 4 2 2
e 5 1 2
e 6 5 1
e 7 5 2
e 8 1 2
e 9 8 1
e 10 8 2
e 11 1 2
e 12 11 1
e 11 0 2
t # 24 
v 0 5
v 1 5
v 2 5
v 3 5
v 4 2
v 5 5
v 6 2
e 2 1 3
e 3 2 3
e 4 3 3
e 5 4 3
e 5 1 3
e 6 4 2
e 6 0 1
t # 25 
v 0 6
v 1 5
v 2 5
v 3 6
v 4 5
v 5 6
v 6 5
v 7 5
v 8 5
v 9 5
v 10 5
v 11 2
v 12 5
v 13 5
v 14 5
v 15 6
v 16 5
v 17 6
v 18 6
e 2 1 2
e 3 2 1
e 4 3 2
e 5 3 2
e 6 5 2
e 7 5 2
e 8 7 2
e 9 8 2
e 10 9 2
e 11 10 2
e 12 11 2
e 13 12 2
e 13 8 2
e 13 11 2
e 14 10 2
e 14 7 2
e 15 14 2
e 15 2 2
e 16 15 2
e 17 15 2
e 17 5 2
e 18 17 2
e 17 0 2
t # 26 
v 0 5
v 1 5
v 2 5
v 3 5
v 4 5
v 5 5
v 6 5
v 7 2
e 2 1 3
e 3 2 3
e 4 3 3
e 5 4 3
e 6 5 3
e 6 1 3
e 7 6 2
e 7 0 1
t # 27 
v 0 5
v 1 2
v 2 5
v 3 5
v 4 5
v 5 5
v 6 5
v 7 2
e 2 1 2
e 3 2 2
e 4 3 2
e 5 4 1
e 6 1 2
e 7 6 2
e 7 0 2
e 6 0 2
t # 28 
v 0 5
v 1 5
v 2 5
v 3 3
v 4 5
v 5 3
v 6 5
v 7 5
v 8 5
v 9 5
v 10 5
v 11 5
v 12 6
e 2 1 1
e 3 2 2
e 4 3 0
e 5 2 2
e 6 5 0
e 7 1 2
e 8 7 3
e 9 8 3
e 10 9 3
e 11 10 3
e 12 11 3
e 12 7 3
e 12 0 2
t # 29 
v 0 5
v 1 2
v 2 5
v 3 5
v 4 2
e 2 1 2
e 3 1 2
e 4 3 2
e 4 0 2
e 3 0 2
t # 30 
v 0 5
v 1 5
v 2 5
v 3 5
v 4 3
v 5 5
v 6 5
v 7 2
v 8 5
v 9 5
v 10 5
v 11 5
v 12 5
v 13 3
v 14 5
v 15 2
v 16 5
v 17 5
e 2 1 3
e 3 2 3
e 4 3 3
e 5 4 2
e 6 4 3
e 7 6 3
e 7 1 3
e 8 6 2
e 9 8 2
e 10 1 2
e 11 10 3
e 12 11 3
e 13 12 3
e 14 13 2
e 15 13 3
e 16 15 2
e 17 16 2
e 15 0 3
e 10 0 3
t # 31 
v 0 5
v 1 5
v 2 5
v 3 2
v 4 2
v 5 5
v 6 2
e 2 1 2
e 3 2 2
e 4 3 1
e 5 3 2
e 6 5 2
e 6 1 2
e 6 0 1
t # 32 
v 0 5
v 1 5
v 2 5
v 3 5
v 4 5
v 5 5
v 6 5
e 2 1 3
e 3 2 3
e 4 3 3
e 5 4 3
e 6 5 3
e 6 1 3
e 6 0 2
t # 33 
v 0 5
v 1 5
v 2 5
v 3 5
v 4 5
v 5 5
v 6 2
v 7 5
v 8 5
e 2 1 3
e 3 2 3
e 4 3 3
e 5 4 3
e 6 5 3
e 7 6 3
e 8 7 3
e 8 4 3
e 8 0 3
e 1 0 3
t # 34 
v 0 5
v 1 5
v 2 5
v 3 5
v 4 5
v 5 5
v 6 3
v 7 5
v 8 5
e 2 1 3
e 3 2 3
e 4 3 3
e 5 4 3
e 6 5 3
e 6 1 3
e 7 6 2
e 8 7 2
e 7 0 2
t # 35 
v 0 5
v 1 2
v 2 5
v 3 5
v 4 5
v 5 5
v 6 5
v 7 5
v 8 5
v 9 2
e 2 1 2
e 3 2 2
e 3 1 2
e 4 3 2
e 5 4 2
e 6 5 2
e 7 6 2
e 7 1 2
e 8 6 2
e 9 8 2
e 9 0 2
e 8 0 2
t # 36 
v 0 5
v 1 6
v 2 6
v 3 6
v 4 5
v 5 6
v 6 6
v 7 6
e 2 1 2
e 3 1 2
e 4 1 2
e 5 1 2
e 6 5 2
e 7 5 2
e 5 0 2
t # 37 
v 0 5
v 1 5
v 2 3
v 3 5
v 4 5
v 5 5
v 6 2
v 7 2
v 8 5
v 9 2
v 10 5
v 11 5
v 12 5
v 13 5
v 14 5
v 15 3
v 16 5
e 2 1 2
e 3 1 2
e 4 3 2
e 5 4 1
e 6 5 2
e 7 6 1
e 8 6 2
e 9 5 2
e 10 9 1
e 11 9 2
e 12 11 3
e 13 12 3
e 14 13 3
e 15 14 2
e 16 14 3
e 16 0 3
e 3 0 2
e 11 0 3
t # 38 
v 0 2
v 1 5
v 2 5
v 3 5
v 4 5
v 5 5
v 6 5
v 7 5
v 8 2
v 9 3
v 10 5
v 11 5
v 12 5
v 13 5
v 14 5
v 15 5
v 16 3
v 17 5
v 18 5
v 19 5
v 20 5
v 21 5
v 22 5
e 2 1 1
e 3 2 2
e 4 3 2
e 5 4 2
e 6 5 2
e 7 6 2
e 8 3 2
e 9 8 1
e 10 8 2
e 11 10 2
e 12 11 3
e 13 12 3
e 14 13 3
e 15 14 3
e 16 15 3
e 16 11 3
e 17 10 2
e 17 2 2
e 18 17 2
e 19 18 3
e 20 19 3
e 21 20 3
e 22 21 3
e 22 0 3
e 18 0 3
t # 39 
v 0 5
v 1 5
v 2 5
v 3 2
v 4 5
v 5 5
v 6 5
v 7 2
e 2 1 3
e 3 2 3
e 4 3 2
e 5 3 3
e 6 5 3
e 7 6 3
e 7 1 3
e 7 0 2
t # 40 
v 0 6
v 1 5
v 2 5
v 3 5
v 4 5
v 5 3
v 6 5
v 7 2
v 8 5
v 9 2
v 10 3
v 11 5
v 12 5
v 13 5
v 14 5
v 15 5
v 16 5
v 17 5
v 18 5
v 19 5
e 2 1 2
e 3 2 3
e 4 3 3
e 5 4 3
e 6 5 2
e 7 6 2
e 8 7 1
e 9 7 2
e 10 9 2
e 11 9 2
e 12 11 1
e 13 12 2
e 14 13 3
e 15 14 3
e 16 15 3
e 17 16 3
e 18 17 3
e 18 13 3
e 19 12 2
e 19 5 3
e 19 0 3
e 2 0 3
t # 41 
v 0 5
v 1 5
v 2 6
v 3 5
v 4 5
e 2 1 1
e 3 2 2
e 4 2 2
e 4 0 1
t # 42 
v 0 5
v 1 5
v 2 5
v 3 5
v 4 5
v 5 5
v 6 5
v 7 5
e 2 1 2
e 3 1 2
e 4 3 3
e 5 4 3
e 6 5 3
e 7 6 3
e 7 0 3
e 3 0 3
t # 43 
v 0 5
v 1 2
v 2 5
v 3 2
v 4 5
v 5 5
v 6 5
v 7 5
v 8 5
v 9 5
v 10 5
v 11 5
v 12 5
v 13 5
v 14 2
v 15 5
v 16 5
v 17 5
v 18 5
v 19 5
v 20 5
v 21 2
v 22 5
v 23 5
e 2 1 2
e 3 2 2
e 4 3 1
e 5 3 2
e 6 5 3
e 6 1 2
e 7 6 3
e 8 7 3
e 9 8 3
e 10 9 3
e 10 5 3
e 11 1 2
e 12 11 3
e 13 12 3
e 14 13 3
e 15 14 2
e 16 14 3
e 17 16 3
e 17 11 3
e 18 1 2
e 19 18 3
e 20 19 3
e 21 20 3
e 22 21 2
e 23 21 3
e 23 0 3
e 18 0 3
t # 44 
v 0 5
v 1 5
v 2 5
v 3 5
v 4 5
v 5 5
v 6 5
v 7 5
v 8 7
v 9 2
v 10 2
v 11 2
v 12 4
e 2 1 2
e 3 1 3
e 4 3 3
e 5 4 2
e 6 4 3
e 7 6 3
e 8 7 3
e 8 1 3
e 9 7 2
e 10 9 1
e 11 9 1
e 12 9 2
e 12 0 2
t # 45 
v 0 5
v 1 5
v 2 2
v 3 5
v 4 5
v 5 5
v 6 5
v 7 5
v 8 5
e 2 1 2
e 3 1 2
e 4 1 2
e 5 4 3
e 6 5 3
e 7 6 3
e 8 7 3
e 8 0 3
e 4 0 3
t # 46 
v 0 5
v 1 5
v 2 5
v 3 5
v 4 5
v 5 5
v 6 5
v 7 5
v 8 5
v 9 3
v 10 5
v 11 5
v 12 2
v 13 5
v 14 5
v 15 5
v 16 5
v 17 5
v 18 5
v 19 5
v 20 2
e 2 1 3
e 3 2 3
e 4 3 3
e 5 4 3
e 6 5 3
e 6 1 3
e 7 6 3
e 8 7 3
e 9 8 3
e 10 9 3
e 10 5 3
e 11 9 2
e 12 11 2
e 13 12 1
e 14 12 2
e 15 14 3
e 16 15 3
e 17 16 3
e 18 17 3
e 19 18 3
e 19 14 3
e 20 19 2
e 20 11 2
e 20 0 1
t # 47 
v 0 5
v 1 3
v 2 2
v 3 2
e 2 1 2
e 3 2 1
e 2 0 2
t # 48 
v 0 5
v 1 8
v 2 8
v 3 8
e 2 1 2
e 3 1 2
e 1 0 2
t # 49 
v 0 5
v 1 6
v 2 5
v 3 5
v 4 6
v 5 5
v 6 5
v 7 5
v 8 2
e 2 1 2
e 3 1 3
e 4 3 3
e 5 4 2
e 6 4 3
e 7 6 3
e 8 7 3
e 8 1 3
e 8 0 2
t # 50 
v 0 5
v 1 2
v 2 5
v 3 5
v 4 3
v 5 5
v 6 2
e 2 1 1
e 3 1 2
e 4 3 1
e 5 1 2
e 6 5 2
e 6 0 2
t # 51 
v 0 5
v 1 5
v 2 2
v 3 5
v 4 5
v 5 2
v 6 5
v 7 5
v 8 2
v 9 5
v 10 5
v 11 2
e 2 1 2
e 3 1 2
e 4 3 2
e 5 4 2
e 6 4 2
e 7 6 2
e 8 7 2
e 8 1 2
e 9 7 2
e 10 9 2
e 11 10 2
e 10 0 1
t # 52 
v 0 7
v 1 2
v 2 2
v 3 3
v 4 5
v 5 5
v 6 5
v 7 5
v 8 5
v 9 3
v 10 5
v 11 5
v 12 5
v 13 5
v 14 5
v 15 5
v 16 3
v 17 3
v 18 5
v 19 5
v 20 5
v 21 5
v 22 2
v 23 5
v 24 5
v 25 5
v 26 2
v 27 2
e 2 1 1
e 3 1 1
e 4 1 2
e 5 4 2
e 6 5 3
e 7 6 3
e 8 7 3
e 9 8 3
e 10 9 3
e 10 5 3
e 11 1 2
e 12 11 3
e 13 12 3
e 14 13 3
e 15 14 3
e 16 15 3
e 16 11 3
e 17 14 2
e 18 17 1
e 19 18 2
e 20 19 3
e 21 20 3
e 22 21 3
e 23 22 2
e 24 22 3
e 25 24 3
e 25 19 3
e 26 24 2
e 27 26 1
e 26 0 2
t # 53 
v 0 2
v 1 7
v 2 2
v 3 3
v 4 5
v 5 3
v 6 5
v 7 5
v 8 5
v 9 6
v 10 5
v 11 5
v 12 5
v 13 7
v 14 3
v 15 2
v 16 2
e 2 1 1
e 3 2 1
e 4 2 2
e 5 4 2
e 6 5 2
e 7 6 2
e 8 7 3
e 9 8 3
e 10 9 2
e 11 9 3
e 12 11 3
e 13 12 3
e 13 2 2
e 13 7 3
e 14 11 2
e 15 14 2
e 16 14 1
e 14 0 1
t # 54 
v 0 5
v 1 2
v 2 2
v 3 5
v 4 5
v 5 5
v 6 5
v 7 6
v 8 5
v 9 5
v 10 3
v 11 5
v 12 5
v 13 5
v 14 5
v 15 5
v 16 2
v 17 7
v 18 3
v 19 2
v 20 2
e 2 1 1
e 3 1 2
e 4 1 2
e 5 4 3
e 6 5 3
e 7 6 3
e 8 7 2
e 9 7 3
e 10 9 3
e 10 4 3
e 11 10 2
e 12 11 2
e 13 12 2
e 14 13 3
e 15 14 3
e 16 15 3
e 17 16 3
e 17 13 3
e 18 6 2
e 19 18 2
e 20 18 1
e 18 0 1
t # 55 
v 0 5
v 1 5
v 2 5
v 3 5
v 4 5
v 5 5
v 6 5
v 7 2
v 8 5
v 9 5
v 10 5
v 11 2
e 2 1 2
e 3 1 2
e 4 1 2
e 5 1 2
e 6 5 3
e 7 6 3
e 8 7 2
e 9 7 3
e 10 9 3
e 11 10 3
e 11 5 3
e 11 0 2
t # 56 
v 0 2
v 1 5
v 2 5
v 3 5
v 4 2
v 5 5
v 6 5
v 7 5
v 8 5
v 9 5
v 10 5
v 11 5
v 12 5
v 13 2
v 14 2
v 15 5
e 2 1 2
e 3 1 2
e 4 3 3
e 5 4 3
e 6 5 3
e 7 6 3
e 8 7 3
e 8 4 3
e 9 8 3
e 10 9 3
e 11 10 2
e 12 11 1
e 13 12 2
e 14 13 1
e 15 13 2
e 15 0 2
e 3 0 3
e 10 0 3
t # 57 
v 0 6
v 1 5
v 2 5
v 3 5
v 4 5
v 5 2
v 6 3
v 7 5
v 8 5
v 9 5
v 10 5
v 11 5
v 12 5
v 13 5
v 14 5
v 15 5
v 16 2
v 17 2
v 18 5
v 19 2
v 20 5
v 21 5
v 22 2
v 23 2
v 24 5
v 25 5
v 26 5
v 27 5
e 2 1 2
e 3 2 3
e 4 3 3
e 5 4 2
e 6 5 1
e 7 5 2
e 8 7 2
e 9 8 2
e 10 9 2
e 11 10 3
e 12 11 3
e 13 12 3
e 14 13 3
e 15 14 3
e 15 10 3
e 16 8 2
e 17 16 1
e 18 16 2
e 19 4 3
e 20 19 2
e 21 19 3
e 22 21 2
e 23 22 1
e 24 22 2
e 25 24 2
e 26 25 2
e 27 25 2
e 27 0 2
e 2 0 3
e 21 0 3
t # 58 
v 0 5
v 1 5
v 2 5
v 3 5
v 4 5
v 5 5
v 6 3
v 7 5
v 8 5
v 9 5
v 10 5
v 11 5
v 12 5
e 2 1 2
e 3 2 1
e 4 3 2
e 5 4 2
e 6 4 2
e 7 4 2
e 8 7 2
e 9 8 3
e 10 9 3
e 11 10 3
e 12 11 3
e 12 0 3
e 2 0 2
e 8 0 3
t # 59 
v 0 5
v 1 5
v 2 5
v 3 5
v 4 5
v 5 2
v 6 5
v 7 5
v 8 2
v 9 5
v 10 5
v 11 2
v 12 5
v 13 5
v 14 5
v 15 5
v 16 5
v 17 3
v 18 5
v 19 5
v 20 5
v 21 5
e 2 1 3
e 3 2 3
e 4 3 3
e 5 4 3
e 6 5 2
e 7 6 2
e 8 5 3
e 8 1 3
e 9 8 2
e 10 9 2
e 11 10 2
e 12 11 2
e 13 11 2
e 14 13 1
e 15 14 2
e 16 15 2
e 17 16 2
e 17 2 2
e 18 16 2
e 19 18 2
e 20 18 2
e 21 20 2
e 21 0 2
e 1 0 2
e 10 0 2
e 15 0 2
t # 60 
v 0 5
v 1 9
v 2 9
v 3 5
v 4 9
v 5 9
e 2 1 2
e 3 1 2
e 4 1 1
e 5 4 2
e 4 0 2
t # 61 
v 0 5
v 1 5
v 2 8
v 3 5
v 4 8
v 5 5
v 6 2
v 7 5
v 8 2
e 2 1 2
e 3 2 2
e 4 1 2
e 5 4 2
e 6 1 2
e 7 6 2
e 8 1 2
e 8 0 2
t # 62 
v 0 5
v 1 5
v 2 5
v 3 5
v 4 5
v 5 5
v 6 5
v 7 5
v 8 5
v 9 5
v 10 5
v 11 5
v 12 3
v 13 5
v 14 5
v 15 2
v 16 5
v 17 5
v 18 2
e 2 1 2
e 3 2 2
e 4 3 2
e 5 4 2
e 6 5 2
e 7 6 2
e 8 7 2
e 9 8 2
e 10 9 2
e 11 10 2
e 12 11 2
e 13 12 2
e 14 13 2
e 15 14 2
e 16 15 2
e 17 13 2
e 18 17 2
e 18 0 2
t # 63 
v 0 5
v 1 5
v 2 5
v 3 5
v 4 5
v 5 5
v 6 5
v 7 5
v 8 5
v 9 5
v 10 5
v 11 5
v 12 5
v 13 5
v 14 5
v 15 5
v 16 5
v 17 5
v 18 2
v 19 3
v 20 5
v 21 5
v 22 5
v 23 5
e 2 1 2
e 3 2 2
e 4 3 2
e 5 4 2
e 6 5 2
e 7 6 2
e 8 7 2
e 9 1 2
e 10 9 1
e 11 10 2
e 12 11 2
e 13 12 2
e 14 13 2
e 15 14 2
e 16 15 2
e 17 16 2
e 18 17 2
e 19 18 1
e 20 18 2
e 21 20 2
e 22 21 2
e 23 20 2
e 23 0 2
t # 64 
v 0 2
v 1 3
v 2 2
v 3 5
v 4 5
v 5 5
v 6 5
v 7 5
v 8 5
v 9 2
v 10 10
v 11 2
v 12 2
v 13 2
e 2 1 2
e 3 2 1
e 4 2 2
e 5 4 3
e 6 5 3
e 7 6 3
e 8 7 3
e 9 8 3
e 9 4 3
e 10 9 2
e 11 6 2
e 12 11 1
e 13 11 2
e 11 0 2
t # 65 
v 0 5
v 1 5
v 2 5
v 3 2
v 4 5
v 5 5
v 6 2
v 7 5
v 8 5
v 9 2
v 10 5
v 11 2
v 12 5
v 13 2
v 14 5
v 15 5
v 16 3
v 17 2
v 18 5
v 19 2
v 20 5
v 21 3
v 22 5
v 23 5
v 24 5
v 25 5
v 26 5
v 27 5
v 28 5
v 29 2
v 30 5
v 31 5
e 2 1 3
e 3 2 3
e 4 3 2
e 5 3 3
e 6 5 2
e 7 6 1
e 8 6 2
e 9 8 1
e 10 9 2
e 11 9 2
e 12 11 2
e 13 11 2
e 14 13 1
e 15 13 2
e 16 15 2
e 17 16 2
e 18 16 1
e 19 15 1
e 20 19 2
e 21 19 2
e 22 21 2
e 23 22 2
e 24 22 2
e 25 21 2
e 25 11 2
e 26 25 2
e 27 26 2
e 27 8 2
e 28 27 2
e 29 28 2
e 30 28 2
e 31 28 2
e 31 5 3
e 31 0 3
e 1 0 3
t # 66 
v 0 5
v 1 5
v 2 5
v 3 5
v 4 5
v 5 5
v 6 5
v 7 2
e 2 1 3
e 3 2 3
e 4 3 3
e 5 4 3
e 6 5 3
e 6 1 3
e 7 6 2
e 7 0 2
t # 67 
v 0 3
v 1 5
v 2 5
v 3 5
v 4 5
v 5 5
v 6 2
v 7 3
v 8 2
v 9 2
v 10 3
v 11 5
v 12 5
v 13 2
v 14 3
v 15 5
v 16 2
e 2 1 1
e 3 2 2
e 4 3 3
e 5 4 3
e 6 5 3
e 7 6 3
e 7 3 3
e 8 6 2
e 9 8 1
e 10 8 2
e 11 1 2
e 12 11 2
e 13 12 2
e 14 13 1
e 15 13 2
e 16 15 2
e 16 11 2
e 16 0 1
t # 68 
v 0 5
v 1 5
v 2 2
v 3 5
v 4 5
v 5 5
v 6 5
v 7 5
v 8 5
v 9 2
v 10 5
v 11 5
v 12 5
v 13 5
v 14 5
v 15 5
v 16 5
v 17 5
v 18 5
v 19 5
v 20 5
v 21 5
v 22 2
v 23 5
e 2 1 1
e 3 2 2
e 4 1 2
e 5 4 2
e 6 5 2
e 7 5 2
e 8 7 2
e 9 8 2
e 9 1 2
e 10 9 1
e 11 7 2
e 12 11 2
e 13 12 2
e 14 13 2
e 14 5 2
e 15 14 2
e 16 15 2
e 17 16 2
e 18 17 2
e 19 17 2
e 19 13 2
e 20 19 2
e 21 20 2
e 22 21 2
e 22 17 2
e 23 22 2
e 22 0 2
t # 69 
v 0 5
v 1 6
v 2 5
v 3 2
v 4 5
v 5 6
v 6 5
v 7 6
v 8 5
v 9 6
v 10 5
v 11 6
e 2 1 2
e 3 1 3
e 4 3 2
e 5 3 3
e 6 5 2
e 7 5 3
e 8 7 2
e 9 7 3
e 10 9 2
e 11 9 3
e 11 1 3
e 11 0 2
t # 70 
v 0 5
v 1 5
v 2 5
v 3 5
e 2 1 1
e 3 2 2
e 2 0 2
t # 71 
v 0 5
v 1 2
v 2 2
v 3 5
v 4 5
v 5 3
v 6 5
v 7 5
v 8 5
v 9 5
v 10 5
v 11 2
v 12 5
v 13 2
v 14 5
e 2 1 2
e 3 1 1
e 4 1 2
e 5 4 2
e 6 4 2
e 7 4 2
e 8 7 2
e 9 8 3
e 10 9 3
e 11 10 3
e 12 11 2
e 13 11 3
e 14 13 2
e 13 0 3
e 8 0 3
t # 72 
v 0 5
v 1 5
v 2 5
v 3 5
v 4 5
e 2 1 1
e 3 2 2
e 4 2 2
e 4 0 1
t # 73 
v 0 5
v 1 5
v 2 5
v 3 5
v 4 5
v 5 5
v 6 5
v 7 5
v 8 5
v 9 5
e 2 1 2
e 3 1 1
e 4 3 2
e 5 4 2
e 6 5 2
e 7 6 2
e 7 1 2
e 8 5 2
e 9 8 1
e 8 0 2
t # 74 
v 0 6
v 1 5
v 2 6
v 3 5
v 4 5
v 5 5
v 6 5
v 7 5
v 8 6
v 9 5
v 10 5
v 11 5
v 12 5
v 13 5
v 14 5
v 15 6
v 16 5
v 17 5
e 2 1 2
e 3 2 2
e 4 2 1
e 5 4 2
e 6 5 3
e 7 6 3
e 8 7 3
e 9 8 2
e 10 8 3
e 11 10 3
e 11 5 3
e 12 4 2
e 13 12 3
e 14 13 3
e 15 14 3
e 16 15 2
e 17 15 3
e 17 0 3
e 12 0 3
t # 75 
v 0 5
v 1 5
v 2 5
v 3 5
v 4 5
v 5 6
v 6 5
v 7 5
v 8 5
v 9 5
v 10 5
v 11 5
v 12 6
v 13 5
v 14 5
v 15 5
v 16 6
v 17 6
v 18 6
e 2 1 2
e 3 2 3
e 4 3 3
e 5 4 3
e 6 5 2
e 7 5 3
e 8 7 3
e 8 2 3
e 9 1 2
e 10 9 3
e 11 10 3
e 12 11 3
e 13 12 2
e 14 12 3
e 15 14 3
e 15 9 3
e 16 1 2
e 17 16 2
e 18 16 2
e 16 0 2
t # 76 
v 0 6
v 1 5
v 2 6
v 3 5
v 4 5
v 5 5
v 6 5
v 7 5
v 8 6
v 9 5
v 10 5
v 11 5
v 12 5
v 13 5
v 14 5
v 15 6
v 16 5
v 17 5
e 2 1 2
e 3 2 2
e 4 2 2
e 5 4 2
e 6 5 3
e 7 6 3
e 8 7 3
e 9 8 2
e 10 8 3
e 11 10 3
e 11 5 3
e 12 4 2
e 13 12 3
e 14 13 3
e 15 14 3
e 16 15 2
e 17 15 3
e 17 0 3
e 12 0 3
t # 77 
v 0 3
v 1 5
v 2 5
v 3 5
v 4 5
v 5 5
v 6 5
v 7 5
v 8 5
v 9 5
v 10 5
v 11 5
v 12 5
v 13 5
v 14 5
v 15 5
v 16 5
e 2 1 2
e 3 2 3
e 4 3 3
e 5 4 3
e 6 5 3
e 7 6 3
e 7 2 3
e 8 1 2
e 9 8 3
e 10 9 3
e 11 10 3
e 12 11 3
e 13 12 3
e 14 13 3
e 15 14 3
e 16 15 3
e 16 11 3
e 16 0 3
e 8 0 3
t # 78 
v 0 7
v 1 5
v 2 3
v 3 5
v 4 5
v 5 5
v 6 5
v 7 5
v 8 5
v 9 7
e 2 1 2
e 3 2 3
e 4 3 3
e 5 4 3
e 6 5 3
e 7 6 3
e 8 7 3
e 9 8 3
e 9 4 3
e 9 0 3
e 2 0 3
t # 79 
v 0 5
v 1 5
v 2 5
v 3 5
v 4 5
v 5 5
v 6 3
v 7 5
v 8 5
v 9 5
v 10 5
v 11 3
v 12 5
v 13 5
v 14 5
v 15 5
v 16 5
v 17 5
v 18 3
v 19 2
v 20 2
v 21 3
v 22 2
v 23 2
v 24 5
v 25 5
v 26 7
v 27 2
v 28 2
v 29 2
v 30 4
e 2 1 3
e 3 2 3
e 4 3 3
e 5 4 3
e 6 5 3
e 6 1 3
e 7 5 2
e 8 7 2
e 9 8 3
e 10 9 3
e 11 10 3
e 12 11 2
e 13 12 2
e 14 13 3
e 15 14 3
e 16 15 3
e 17 16 3
e 18 17 3
e 18 13 3
e 19 18 2
e 20 19 1
e 21 19 2
e 22 16 2
e 23 22 1
e 24 22 2
e 25 11 3
e 26 25 3
e 26 8 3
e 27 26 2
e 28 27 1
e 29 27 1
e 30 27 2
e 30 0 2
t # 80 
v 0 2
v 1 3
v 2 2
v 3 5
v 4 5
v 5 5
v 6 5
v 7 3
v 8 5
v 9 2
v 10 5
e 2 1 2
e 3 2 1
e 4 2 2
e 5 4 3
e 6 5 3
e 7 6 3
e 8 7 2
e 9 7 3
e 10 9 2
e 9 0 3
e 4 0 3
t # 81 
v 0 5
v 1 2
v 2 4
v 3 5
v 4 5
v 5 2
e 2 1 2
e 3 2 2
e 4 1 1
e 5 4 2
e 5 0 1
t # 82 
v 0 5
v 1 5
v 2 5
v 3 5
v 4 5
v 5 5
v 6 5
v 7 5
v 8 5
v 9 5
v 10 2
v 11 5
v 12 5
v 13 2
e 2 1 2
e 3 2 2
e 4 3 2
e 5 4 2
e 6 5 2
e 7 1 2
e 8 7 3
e 9 8 3
e 10 9 3
e 11 10 2
e 12 10 3
e 13 12 3
e 13 7 3
e 13 0 2
t # 83 
v 0 5
v 1 5
v 2 5
v 3 5
v 4 2
e 2 1 2
e 3 1 2
e 4 1 2
e 4 0 1
t # 84 
v 0 2
v 1 5
v 2 3
v 3 5
v 4 5
v 5 2
v 6 3
v 7 5
v 8 5
v 9 5
v 10 3
v 11 5
v 12 3
e 2 1 1
e 3 2 2
e 4 3 2
e 5 3 2
e 6 5 1
e 7 5 2
e 8 7 2
e 9 7 2
e 10 9 3
e 10 2 2
e 11 10 3
e 12 11 3
e 12 0 3
e 9 0 3
t # 85 
v 0 2
v 1 3
v 2 2
v 3 5
v 4 5
v 5 5
v 6 5
v 7 5
v 8 3
v 9 3
v 10 5
v 11 3
v 12 2
v 13 2
e 2 1 2
e 3 2 1
e 4 2 2
e 5 4 3
e 6 5 3
e 7 6 3
e 8 7 2
e 9 8 1
e 10 9 2
e 11 10 2
e 12 11 2
e 13 11 1
e 7 0 3
e 4 0 3
t # 86 
v 0 5
v 1 2
v 2 3
v 3 5
v 4 3
v 5 5
v 6 2
v 7 5
v 8 5
v 9 5
v 10 5
v 11 5
v 12 5
v 13 5
v 14 5
v 15 5
e 2 1 1
e 3 1 2
e 4 3 2
e 5 4 2
e 6 5 2
e 7 6 1
e 8 6 2
e 8 1 2
e 9 8 2
e 10 9 2
e 11 8 2
e 12 11 3
e 13 12 3
e 14 13 3
e 15 14 3
e 15 0 3
e 11 0 3
t # 87 
v 0 2
v 1 5
v 2 5
v 3 2
v 4 3
v 5 5
v 6 5
v 7 2
v 8 3
v 9 5
v 10 7
v 11 5
v 12 5
v 13 5
v 14 5
v 15 5
v 16 2
v 17 2
v 18 11
v 19 5
v 20 5
v 21 5
v 22 5
v 23 5
v 24 5
e 2 1 2
e 3 2 2
e 4 3 1
e 5 3 2
e 6 5 2
e 7 6 2
e 8 7 1
e 9 7 2
e 10 9 2
e 10 6 2
e 11 10 2
e 12 11 2
e 13 12 2
e 14 12 2
e 15 12 2
e 15 9 2
e 16 15 2
e 17 16 1
e 18 16 2
e 19 18 2
e 20 1 2
e 21 20 3
e 22 21 3
e 23 22 3
e 24 23 3
e 24 0 3
e 20 0 3
t # 88 
v 0 5
v 1 5
v 2 5
v 3 2
v 4 5
e 2 1 2
e 3 2 2
e 4 3 2
e 4 0 2
e 1 0 2
t # 89 
v 0 2
v 1 3
v 2 2
v 3 5
v 4 5
v 5 5
v 6 5
v 7 2
v 8 5
v 9 3
v 10 5
e 2 1 2
e 3 2 1
e 4 2 2
e 5 4 3
e 6 5 3
e 7 6 3
e 8 7 2
e 9 7 3
e 10 9 2
e 9 0 3
e 4 0 3
t # 90 
v 0 3
v 1 5
v 2 5
v 3 2
v 4 5
v 5 5
v 6 2
e 2 1 2
e 3 2 2
e 4 3 2
e 5 1 2
e 6 5 2
e 6 0 2
t # 91 
v 0 5
v 1 5
v 2 2
v 3 5
v 4 6
e 2 1 2
e 3 1 2
e 4 1 2
e 4 0 2
t # 92 
v 0 2
v 1 5
v 2 5
v 3 5
v 4 5
v 5 5
v 6 5
v 7 5
v 8 5
v 9 5
v 10 2
e 2 1 1
e 3 2 2
e 4 3 2
e 5 4 2
e 6 5 3
e 7 6 3
e 8 7 3
e 9 8 3
e 10 9 3
e 10 5 3
e 10 0 2
e 2 0 2
t # 93 
v 0 5
v 1 3
v 2 2
v 3 2
v 4 5
e 2 1 2
e 3 1 1
e 4 1 2
e 4 0 2
t # 94 
v 0 3
v 1 5
v 2 3
v 3 5
v 4 3
v 5 3
v 6 5
v 7 3
v 8 5
v 9 3
v 10 5
v 11 3
v 12 5
v 13 5
v 14 5
v 15 5
v 16 5
v 17 5
v 18 5
e 2 1 2
e 3 2 3
e 4 3 3
e 5 4 2
e 6 4 3
e 7 6 3
e 8 7 3
e 9 8 3
e 10 9 2
e 11 9 3
e 12 11 3
e 13 12 3
e 13 2 3
e 13 7 3
e 14 11 2
e 15 14 3
e 16 15 3
e 17 16 3
e 18 17 3
e 18 0 3
e 14 0 3
t # 95 
v 0 2
v 1 5
v 2 5
v 3 5
v 4 5
v 5 5
v 6 2
v 7 5
v 8 5
v 9 5
v 10 5
v 11 2
v 12 5
v 13 5
v 14 2
v 15 5
v 16 5
v 17 5
v 18 2
v 19 5
v 20 5
v 21 2
v 22 5
v 23 5
v 24 5
v 25 5
v 26 5
v 27 5
v 28 5
e 2 1 1
e 3 2 2
e 4 3 3
e 5 4 3
e 6 5 3
e 7 6 2
e 8 7 2
e 9 8 2
e 10 9 2
e 10 6 3
e 11 10 3
e 11 3 3
e 12 11 2
e 13 12 2
e 14 13 2
e 15 14 2
e 16 15 2
e 17 16 3
e 18 17 3
e 19 18 2
e 20 19 2
e 21 18 3
e 22 21 2
e 23 22 2
e 24 21 3
e 25 24 3
e 25 16 3
e 26 25 2
e 26 2 2
e 26 13 2
e 27 8 2
e 28 27 2
e 27 0 1
t # 96 
v 0 1
v 1 5
v 2 2
v 3 2
v 4 5
v 5 2
v 6 5
e 2 1 2
e 3 1 1
e 4 1 2
e 5 4 2
e 6 1 2
e 6 0 2
t # 97 
v 0 5
v 1 8
v 2 6
v 3 6
e 2 1 2
e 3 1 2
e 1 0 2
t # 98 
v 0 5
v 1 5
v 2 5
v 3 3
v 4 5
v 5 5
v 6 3
v 7 5
v 8 5
v 9 5
v 10 5
v 11 5
v 12 5
v 13 7
v 14 5
v 15 5
v 16 5
v 17 5
v 18 5
v 19 5
e 2 1 2
e 3 2 2
e 4 2 2
e 5 4 2
e 6 4 2
e 7 1 2
e 8 7 2
e 9 8 3
e 10 9 3
e 11 10 3
e 12 11 3
e 13 12 3
e 13 8 3
e 14 13 2
e 15 14 2
e 16 15 3
e 17 16 3
e 18 17 3
e 19 18 3
e 19 0 3
e 7 0 2
e 15 0 3
t # 99 
v 0 5
v 1 2
v 2 5
v 3 5
v 4 5
v 5 5
v 6 5
v 7 5
v 8 2
v 9 5
v 10 3
v 11 5
e 2 1 2
e 3 1 3
e 4 3 3
e 5 4 3
e 6 5 3
e 7 6 3
e 7 1 3
e 8 6 2
e 9 8 2
e 10 8 2
e 11 10 2
e 11 0 2
t # 100 
v 0 5
v 1 5
v 2 5
v 3 5
v 4 2
v 5 2
v 6 5
e 2 1 1
e 3 2 2
e 4 2 2
e 5 4 1
e 6 4 2
e 6 0 2
t # 101 
v 0 5
v 1 5
v 2 5
v 3 5
v 4 5
v 5 5
v 6 5
v 7 5
v 8 3
v 9 3
v 10 5
v 11 5
v 12 5
v 13 5
v 14 5
v 15 5
v 16 2
v 17 5
v 18 3
v 19 2
v 20 2
v 21 5
v 22 2
v 23 5
v 24 5
v 25 2
v 26 3
v 27 5
v 28 5
v 29 5
v 30 5
v 31 5
v 32 5
v 33 3
v 34 2
v 35 2
e 2 1 3
e 3 2 3
e 4 3 3
e 5 4 3
e 6 5 3
e 7 6 3
e 7 2 3
e 8 7 3
e 9 8 2
e 10 9 1
e 11 10 2
e 12 11 3
e 13 12 3
e 14 13 3
e 15 14 3
e 16 15 3
e 16 11 3
e 17 16 2
e 18 17 2
e 19 13 2
e 20 19 1
e 21 19 2
e 22 8 3
e 23 22 2
e 24 22 3
e 24 1 3
e 25 24 2
e 26 25 1
e 27 25 2
e 28 27 2
e 29 28 3
e 30 29 3
e 31 30 3
e 32 31 3
e 33 32 3
e 33 28 3
e 34 32 2
e 35 34 1
e 34 0 2
t # 102 
v 0 5
v 1 6
v 2 5
v 3 5
v 4 5
e 2 1 2
e 3 1 1
e 4 3 2
e 3 0 2
t # 103 
v 0 5
v 1 5
v 2 5
v 3 5
v 4 5
v 5 5
v 6 3
v 7 5
v 8 5
v 9 7
v 10 2
v 11 2
v 12 2
v 13 4
v 14 5
v 15 5
v 16 5
v 17 5
v 18 3
v 19 5
v 20 5
v 21 7
v 22 2
v 23 2
v 24 2
v 25 4
e 2 1 1
e 3 2 2
e 4 3 3
e 5 4 3
e 6 5 3
e 7 6 2
e 8 6 3
e 9 8 3
e 9 3 3
e 10 9 2
e 11 10 1
e 12 10 1
e 13 10 2
e 14 13 2
e 15 1 2
e 16 15 3
e 17 16 3
e 18 17 3
e 19 18 2
e 20 18 3
e 21 20 3
e 21 15 3
e 22 21 2
e 23 22 1
e 24 22 1
e 25 22 2
e 25 0 2
t # 104 
v 0 5
v 1 5
v 2 5
v 3 5
v 4 5
v 5 5
v 6 5
v 7 3
v 8 5
v 9 2
v 10 3
v 11 5
v 12 5
v 13 2
v 14 3
v 15 5
v 16 7
v 17 5
v 18 5
v 19 5
v 20 5
v 21 5
v 22 2
v 23 2
e 2 1 3
e 3 2 3
e 4 3 3
e 5 4 3
e 6 5 3
e 6 1 3
e 7 5 2
e 8 7 2
e 9 7 2
e 10 9 1
e 11 9 2
e 12 11 2
e 13 12 2
e 14 13 1
e 15 13 2
e 16 15 2
e 16 12 2
e 17 16 2
e 18 17 2
e 19 18 2
e 20 18 2
e 21 18 2
e 21 15 2
e 22 21 2
e 23 22 2
e 22 0 1
t # 105 
v 0 5
v 1 5
v 2 5
v 3 6
v 4 5
v 5 5
v 6 5
v 7 6
e 2 1 3
e 3 2 3
e 4 3 2
e 5 3 3
e 6 5 3
e 7 6 3
e 7 1 3
e 7 0 2
t # 106 
v 0 5
v 1 5
v 2 5
v 3 5
v 4 5
v 5 5
v 6 2
v 7 3
v 8 5
v 9 5
v 10 2
v 11 5
v 12 5
v 13 2
v 14 3
v 15 2
v 16 2
e 2 1 3
e 3 2 3
e 4 3 3
e 5 4 3
e 6 5 3
e 6 1 3
e 7 5 2
e 8 4 2
e 9 8 2
e 10 9 2
e 11 10 2
e 12 8 2
e 13 12 2
e 14 13 2
e 15 1 2
e 16 15 1
e 15 0 2
t # 107 
v 0 5
v 1 6
v 2 6
v 3 5
v 4 6
v 5 6
e 2 1 2
e 3 1 2
e 4 1 1
e 5 4 2
e 4 0 2
t # 108 
v 0 6
v 1 5
v 2 5
v 3 5
v 4 5
e 2 1 2
e 3 2 2
e 4 3 2
e 4 0 2
t # 109 
v 0 2
v 1 5
v 2 5
v 3 5
v 4 5
v 5 5
v 6 5
v 7 5
v 8 3
v 9 2
v 10 2
e 2 1 2
e 3 1 2
e 4 3 3
e 5 4 3
e 6 5 3
e 7 6 3
e 8 7 3
e 8 3 3
e 9 8 2
e 10 9 1
e 9 0 2
t # 110 
v 0 5
v 1 6
v 2 5
v 3 6
v 4 5
v 5 6
v 6 6
v 7 5
v 8 6
v 9 5
v 10 6
v 11 5
v 12 6
v 13 5
v 14 6
v 15 6
v 16 5
v 17 6
v 18 5
v 19 6
v 20 5
v 21 6
e 2 1 2
e 3 1 2
e 4 3 2
e 5 3 2
e 6 5 2
e 7 5 2
e 8 5 2
e 9 8 2
e 10 8 2
e 10 1 2
e 11 10 2
e 12 10 2
e 13 12 2
e 14 12 2
e 15 14 2
e 16 14 2
e 17 14 2
e 17 1 2
e 18 17 2
e 19 17 2
e 19 3 2
e 20 19 2
e 21 19 2
e 21 8 2
e 21 12 2
e 21 0 2
t # 111 
v 0 2
v 1 5
v 2 5
v 3 8
v 4 5
v 5 8
v 6 5
v 7 8
v 8 5
v 9 8
v 10 5
v 11 8
v 12 5
v 13 5
v 14 8
v 15 5
v 16 8
v 17 5
v 18 8
v 19 5
v 20 8
v 21 5
v 22 8
e 2 1 2
e 3 2 3
e 4 3 2
e 5 3 3
e 6 5 2
e 7 5 3
e 8 7 2
e 9 7 3
e 10 9 2
e 11 9 3
e 11 2 3
e 12 11 2
e 13 1 2
e 14 13 3
e 15 14 2
e 16 14 3
e 17 16 2
e 18 16 3
e 19 18 2
e 20 18 3
e 21 20 2
e 22 20 3
e 22 13 3
e 22 0 2
t # 112 
v 0 5
v 1 5
v 2 5
v 3 5
v 4 5
v 5 5
v 6 5
v 7 2
v 8 5
v 9 5
v 10 3
v 11 5
e 2 1 3
e 3 2 3
e 4 3 3
e 5 4 3
e 6 5 3
e 6 1 3
e 7 6 2
e 8 7 2
e 9 7 2
e 10 9 2
e 11 9 2
e 11 0 2
t # 113 
v 0 5
v 1 6
v 2 5
v 3 5
v 4 6
v 5 5
v 6 5
v 7 6
v 8 5
v 9 5
v 10 5
v 11 6
v 12 5
v 13 5
v 14 6
v 15 5
v 16 5
e 2 1 2
e 3 1 2
e 4 3 2
e 5 4 2
e 6 4 2
e 7 6 2
e 8 7 2
e 9 7 2
e 10 9 2
e 11 10 2
e 12 11 2
e 13 11 2
e 14 13 2
e 15 14 2
e 16 14 2
e 16 0 2
t # 114 
v 0 5
v 1 3
v 2 5
v 3 5
v 4 5
v 5 2
v 6 5
v 7 2
v 8 5
v 9 5
v 10 2
v 11 5
v 12 5
v 13 5
v 14 5
v 15 5
v 16 5
v 17 5
v 18 5
v 19 5
v 20 2
v 21 5
e 2 1 2
e 3 2 2
e 4 3 2
e 5 4 2
e 6 5 2
e 7 6 2
e 8 7 1
e 9 7 2
e 10 9 2
e 11 10 2
e 12 9 2
e 13 12 3
e 14 13 3
e 15 14 3
e 16 15 3
e 17 16 3
e 17 12 3
e 18 5 2
e 19 18 2
e 19 2 2
e 20 19 2
e 21 20 2
e 21 0 2
e 3 0 2
e 20 0 2
t # 115 
v 0 5
v 1 6
v 2 6
e 2 1 2
e 1 0 2
t # 116 
v 0 5
v 1 5
v 2 5
v 3 5
v 4 5
v 5 5
v 6 5
v 7 2
v 8 2
v 9 3
v 10 2
v 11 2
e 2 1 3
e 3 2 3
e 4 3 3
e 5 4 3
e 6 5 3
e 6 1 3
e 7 6 2
e 8 7 2
e 9 7 1
e 10 3 2
e 11 10 1
e 10 0 2
t # 117 
v 0 6
v 1 5
v 2 5
v 3 6
v 4 5
v 5 6
v 6 5
v 7 6
v 8 5
v 9 5
v 10 2
v 11 2
v 12 5
v 13 5
v 14 2
v 15 2
v 16 5
v 17 6
v 18 6
e 2 1 2
e 3 2 2
e 4 3 2
e 5 3 1
e 6 5 2
e 7 5 2
e 8 7 2
e 9 7 2
e 10 9 2
e 11 10 1
e 12 10 2
e 13 9 2
e 13 2 2
e 14 13 2
e 15 14 1
e 16 14 2
e 17 7 2
e 17 2 2
e 18 17 2
e 17 0 2
t # 118 
v 0 5
v 1 5
v 2 5
v 3 5
v 4 2
v 5 3
v 6 2
e 2 1 2
e 3 1 2
e 4 1 2
e 5 4 2
e 6 5 2
e 6 0 1
t # 119 
v 0 3
v 1 5
v 2 5
v 3 2
v 4 5
v 5 5
v 6 2
v 7 5
v 8 5
v 9 2
e 2 1 2
e 3 2 2
e 4 3 2
e 5 1 2
e 6 5 2
e 7 6 2
e 8 1 2
e 9 8 2
e 9 0 2
t # 120 
v 0 5
v 1 5
v 2 5
v 3 5
v 4 5
v 5 5
v 6 2
v 7 5
v 8 5
v 9 5
v 10 5
v 11 5
v 12 5
v 13 5
v 14 5
v 15 5
v 16 2
v 17 5
v 18 5
v 19 5
v 20 5
v 21 5
v 22 5
e 2 1 2
e 3 2 1
e 4 3 2
e 5 4 2
e 6 5 3
e 7 6 2
e 8 6 3
e 9 8 3
e 10 9 2
e 11 10 2
e 12 11 2
e 13 12 2
e 14 13 2
e 15 9 3
e 16 15 3
e 16 5 3
e 17 16 2
e 18 17 2
e 19 18 2
e 20 18 2
e 21 18 2
e 21 4 2
e 22 21 2
e 22 0 2
e 2 0 2
t # 121 
v 0 5
v 1 5
v 2 3
e 2 1 2
e 1 0 0
t # 122 
v 0 5
v 1 5
v 2 5
v 3 5
v 4 6
e 2 1 2
e 3 1 1
e 4 1 2
e 4 0 2
t # 123 
v 0 5
v 1 5
v 2 3
v 3 5
v 4 5
v 5 5
v 6 5
v 7 5
v 8 5
v 9 5
v 10 5
v 11 2
v 12 12
v 13 2
v 14 5
v 15 5
v 16 5
v 17 5
v 18 5
v 19 5
v 20 3
v 21 3
v 22 5
v 23 5
v 24 5
v 25 5
v 26 3
v 27 3
v 28 5
v 29 5
v 30 2
v 31 12
v 32 2
v 33 5
v 34 5
v 35 5
v 36 5
v 37 3
v 38 5
v 39 5
v 40 5
v 41 5
v 42 5
v 43 5
v 44 7
v 45 2
v 46 2
v 47 2
v 48 4
v 49 7
v 50 2
v 51 2
v 52 2
v 53 4
v 54 7
v 55 2
v 56 2
v 57 2
v 58 4
v 59 7
v 60 2
v 61 2
v 62 2
v 63 4
e 2 1 3
e 3 2 2
e 4 2 3
e 5 4 3
e 6 5 3
e 7 6 3
e 7 1 3
e 8 7 3
e 9 8 3
e 10 9 3
e 11 10 3
e 11 1 3
e 12 11 2
e 13 12 2
e 14 13 2
e 15 14 2
e 16 15 3
e 17 16 3
e 18 17 3
e 19 18 3
e 20 19 3
e 20 15 3
e 21 20 2
e 22 21 1
e 22 10 2
e 23 17 2
e 24 23 3
e 25 24 3
e 26 25 3
e 27 26 2
e 28 27 1
e 29 28 2
e 30 29 3
e 31 30 2
e 32 31 2
e 33 32 2
e 34 33 2
e 34 26 3
e 35 34 3
e 35 23 3
e 36 30 3
e 37 36 3
e 38 37 2
e 39 37 3
e 40 39 3
e 41 40 3
e 42 41 3
e 42 36 3
e 43 42 3
e 44 43 3
e 44 29 3
e 45 44 2
e 46 45 1
e 47 45 1
e 48 45 2
e 49 48 2
e 50 40 2
e 51 50 1
e 52 50 1
e 53 50 2
e 54 53 2
e 55 9 2
e 56 55 1
e 57 55 1
e 58 55 2
e 59 58 2
e 60 5 2
e 61 60 1
e 62 60 1
e 63 60 2
e 63 0 2
t # 124 
v 0 5
v 1 5
v 2 2
v 3 2
v 4 5
v 5 5
v 6 5
v 7 5
v 8 5
v 9 5
v 10 5
e 2 1 2
e 3 2 1
e 4 2 2
e 5 4 2
e 6 5 2
e 7 6 3
e 8 7 3
e 9 8 3
e 10 9 3
e 10 0 3
e 6 0 3
t # 125 
v 0 2
v 1 1
v 2 2
v 3 5
v 4 5
v 5 5
v 6 5
v 7 5
v 8 5
v 9 5
v 10 2
v 11 5
v 12 5
v 13 5
v 14 5
v 15 5
v 16 5
v 17 5
v 18 2
v 19 5
v 20 5
v 21 5
v 22 5
v 23 5
v 24 5
v 25 5
e 2 1 1
e 3 2 2
e 4 3 2
e 5 4 3
e 6 5 3
e 7 6 3
e 8 7 3
e 9 8 3
e 9 4 3
e 10 9 2
e 11 2 2
e 12 11 2
e 13 12 3
e 14 13 3
e 15 14 3
e 16 15 3
e 17 16 3
e 17 12 3
e 18 17 2
e 19 2 2
e 20 19 2
e 21 20 3
e 22 21 3
e 23 22 3
e 24 23 3
e 25 24 3
e 25 20 3
e 25 0 2
t # 126 
v 0 5
v 1 5
v 2 5
v 3 5
v 4 5
v 5 5
v 6 5
v 7 7
v 8 5
v 9 5
v 10 5
v 11 5
v 12 2
v 13 5
v 14 5
v 15 5
v 16 5
v 17 5
v 18 5
v 19 5
v 20 5
v 21 5
v 22 5
v 23 5
v 24 2
e 2 1 2
e 3 1 2
e 4 1 2
e 5 1 2
e 6 5 3
e 7 6 3
e 8 7 2
e 9 8 2
e 10 9 3
e 11 10 3
e 12 11 3
e 13 12 2
e 14 12 3
e 15 14 3
e 15 9 3
e 16 15 2
e 17 11 2
e 18 17 2
e 19 17 2
e 20 17 2
e 21 7 3
e 22 21 2
e 23 21 3
e 24 23 3
e 24 5 3
e 24 0 2
t # 127 
v 0 2
v 1 5
v 2 5
v 3 5
v 4 5
e 2 1 2
e 3 2 2
e 4 2 2
e 2 0 2
t # 128 
v 0 6
v 1 5
v 2 6
v 3 5
v 4 6
v 5 5
v 6 6
v 7 5
v 8 6
v 9 5
v 10 6
e 2 1 2
e 3 2 2
e 4 2 2
e 5 4 2
e 6 4 1
e 7 6 2
e 8 6 2
e 9 8 2
e 10 8 1
e 10 2 2
e 10 0 2
t # 129 
v 0 5
v 1 5
v 2 5
v 3 5
v 4 5
v 5 5
v 6 5
v 7 5
v 8 5
v 9 5
v 10 5
v 11 5
v 12 2
v 13 5
v 14 5
v 15 2
v 16 5
v 17 5
v 18 3
v 19 5
v 20 5
v 21 5
v 22 5
v 23 5
v 24 5
v 25 5
v 26 5
v 27 5
v 28 5
v 29 5
e 2 1 2
e 3 1 2
e 4 1 2
e 5 4 2
e 6 5 2
e 7 5 2
e 8 5 2
e 9 1 2
e 10 9 3
e 11 10 3
e 12 11 3
e 13 12 2
e 14 13 2
e 15 14 2
e 16 15 2
e 17 16 2
e 18 17 2
e 19 18 2
e 20 19 2
e 21 19 2
e 22 19 2
e 23 22 2
e 24 23 3
e 25 24 3
e 26 25 3
e 27 26 3
e 28 27 3
e 28 23 3
e 29 12 3
e 29 0 3
e 9 0 3
t # 130 
v 0 5
v 1 5
v 2 2
v 3 2
v 4 5
v 5 5
v 6 5
v 7 5
v 8 5
v 9 5
v 10 5
v 11 5
v 12 5
v 13 5
v 14 5
v 15 5
v 16 3
e 2 1 2
e 3 2 1
e 4 2 2
e 5 4 2
e 6 1 2
e 7 6 3
e 8 7 3
e 9 8 3
e 10 9 3
e 11 10 3
e 11 6 3
e 12 1 2
e 13 12 2
e 14 13 2
e 15 14 2
e 16 15 2
e 16 0 2
e 12 0 2
t # 131 
v 0 5
v 1 6
v 2 5
v 3 6
v 4 6
v 5 6
e 2 1 2
e 3 1 2
e 4 3 2
e 5 3 2
e 3 0 2
t # 132 
v 0 3
v 1 5
v 2 5
v 3 5
v 4 7
v 5 7
v 6 13
v 7 7
v 8 5
v 9 7
v 10 3
v 11 5
v 12 5
e 2 1 2
e 3 1 2
e 4 1 2
e 5 4 1
e 6 4 2
e 7 6 2
e 8 7 2
e 9 8 2
e 10 9 1
e 11 9 2
e 12 11 2
e 11 0 2
t # 133 
v 0 5
v 1 5
v 2 2
v 3 5
v 4 5
v 5 5
v 6 5
v 7 5
v 8 5
v 9 5
v 10 5
v 11 2
v 12 5
v 13 5
v 14 5
v 15 5
v 16 5
v 17 2
v 18 5
v 19 2
v 20 5
v 21 5
v 22 2
e 2 1 3
e 3 2 2
e 4 2 3
e 5 4 3
e 6 5 2
e 7 6 1
e 8 7 2
e 9 8 2
e 10 9 2
e 11 10 2
e 12 11 1
e 13 11 2
e 14 13 2
e 15 14 2
e 16 15 2
e 17 16 2
e 18 16 2
e 19 18 2
e 20 19 1
e 21 19 2
e 21 5 3
e 22 21 3
e 22 1 3
e 22 0 2
t # 134 
v 0 5
v 1 2
v 2 5
v 3 2
v 4 5
v 5 2
v 6 5
v 7 2
v 8 5
v 9 2
v 10 5
v 11 2
e 2 1 2
e 3 1 2
e 4 3 2
e 5 3 2
e 6 5 2
e 7 1 2
e 8 7 2
e 9 7 2
e 10 9 2
e 11 9 2
e 11 0 2
t # 135 
v 0 5
v 1 5
v 2 5
v 3 5
v 4 5
v 5 5
v 6 5
v 7 5
v 8 5
v 9 5
v 10 5
v 11 5
v 12 3
e 2 1 3
e 3 2 3
e 4 3 3
e 5 4 3
e 6 5 3
e 6 1 3
e 7 1 2
e 8 7 3
e 9 8 3
e 10 9 3
e 11 10 3
e 12 11 3
e 12 7 3
e 12 0 2
t # 136 
v 0 5
v 1 6
v 2 6
v 3 6
v 4 5
v 5 6
v 6 6
e 2 1 2
e 3 1 2
e 4 1 2
e 5 1 2
e 6 5 2
e 5 0 2
t # 137 
v 0 5
v 1 5
v 2 5
v 3 5
v 4 5
v 5 5
v 6 3
v 7 2
v 8 3
v 9 2
e 2 1 3
e 3 2 3
e 4 3 3
e 5 4 3
e 6 5 3
e 6 1 3
e 7 5 2
e 8 7 2
e 9 7 2
e 9 0 1
t # 138 
v 0 5
v 1 5
v 2 5
v 3 5
v 4 5
v 5 3
v 6 5
v 7 5
v 8 5
v 9 5
v 10 5
v 11 5
v 12 3
v 13 5
v 14 5
e 2 1 2
e 3 2 3
e 4 3 3
e 5 4 3
e 6 5 2
e 7 5 3
e 8 7 3
e 8 2 3
e 9 1 2
e 10 9 3
e 11 10 3
e 12 11 3
e 13 12 2
e 14 12 3
e 14 0 3
e 9 0 3
t # 139 
v 0 5
v 1 5
v 2 5
v 3 5
v 4 5
v 5 5
v 6 3
v 7 5
v 8 5
v 9 3
v 10 3
v 11 7
v 12 2
v 13 2
v 14 2
v 15 4
e 2 1 3
e 3 2 3
e 4 3 3
e 5 4 3
e 6 5 3
e 6 1 3
e 7 6 2
e 8 7 2
e 9 7 2
e 10 3 2
e 11 10 1
e 12 11 2
e 13 12 1
e 14 12 1
e 15 12 2
e 15 0 2
t # 140 
v 0 2
v 1 7
v 2 2
v 3 5
v 4 5
v 5 5
v 6 5
e 2 1 1
e 3 2 1
e 4 2 2
e 5 4 2
e 6 5 1
e 6 0 2
e 2 0 2
t # 141 
v 0 7
v 1 1
v 2 2
v 3 5
v 4 2
v 5 5
v 6 2
v 7 5
v 8 5
v 9 5
v 10 5
v 11 7
v 12 5
v 13 5
v 14 5
v 15 5
e 2 1 1
e 3 2 2
e 4 3 2
e 5 2 2
e 6 5 2
e 7 2 2
e 8 7 2
e 9 8 3
e 10 9 3
e 11 10 3
e 12 11 2
e 13 12 2
e 14 11 3
e 15 14 2
e 14 0 3
e 8 0 3
t # 142 
v 0 3
v 1 5
v 2 3
v 3 5
v 4 6
v 5 3
v 6 5
v 7 6
v 8 3
v 9 5
v 10 5
v 11 5
v 12 5
v 13 5
v 14 5
v 15 6
e 2 1 2
e 3 2 3
e 4 3 3
e 5 4 2
e 6 4 3
e 7 6 3
e 8 7 2
e 9 7 3
e 9 2 3
e 10 1 2
e 11 10 3
e 12 11 3
e 13 12 3
e 14 13 3
e 15 14 3
e 15 10 3
e 15 0 2
t # 143 
v 0 2
v 1 5
v 2 5
v 3 5
v 4 5
v 5 5
v 6 3
v 7 5
v 8 5
v 9 5
e 2 1 2
e 3 1 2
e 4 3 3
e 5 4 3
e 6 5 3
e 7 6 2
e 8 6 3
e 9 8 2
e 8 0 3
e 3 0 3
t # 144 
v 0 3
v 1 5
v 2 3
v 3 5
v 4 3
v 5 3
v 6 5
v 7 3
v 8 3
e 2 1 2
e 3 2 3
e 4 3 3
e 5 4 2
e 6 4 3
e 7 6 3
e 8 7 2
e 7 0 3
e 2 0 3
t # 145 
v 0 5
v 1 5
v 2 5
v 3 5
v 4 5
v 5 5
v 6 3
v 7 5
v 8 3
v 9 2
v 10 2
e 2 1 3
e 3 2 3
e 4 3 3
e 5 4 2
e 6 4 3
e 7 6 2
e 8 6 3
e 8 1 3
e 9 8 2
e 10 9 1
e 9 0 2
t # 146 
v 0 5
v 1 2
v 2 5
v 3 2
v 4 5
v 5 2
v 6 2
v 7 5
v 8 5
v 9 2
v 10 5
v 11 2
e 2 1 2
e 3 1 1
e 4 3 2
e 5 3 2
e 6 5 1
e 7 5 2
e 8 7 2
e 8 1 2
e 9 8 2
e 10 9 2
e 11 9 2
e 11 0 2
t # 147 
v 0 5
v 1 2
v 2 5
v 3 5
v 4 5
v 5 5
v 6 2
v 7 5
v 8 2
v 9 5
v 10 2
v 11 2
v 12 5
v 13 5
v 14 5
e 2 1 2
e 3 1 3
e 4 3 3
e 5 4 3
e 6 5 3
e 7 6 2
e 8 6 3
e 8 1 3
e 9 8 2
e 10 4 2
e 11 10 1
e 12 10 2
e 13 12 2
e 14 13 2
e 14 0 2
t # 148 
v 0 5
v 1 5
v 2 5
v 3 5
v 4 5
v 5 2
v 6 2
v 7 5
v 8 3
v 9 5
v 10 3
v 11 2
v 12 2
e 2 1 3
e 3 2 3
e 4 3 3
e 5 4 2
e 6 5 1
e 7 5 2
e 8 4 3
e 9 8 2
e 10 8 3
e 10 1 3
e 11 10 2
e 12 11 1
e 11 0 2
t # 149 
v 0 5
v 1 6
v 2 5
v 3 6
v 4 6
e 2 1 2
e 3 1 1
e 4 3 2
e 3 0 2
t # 150 
v 0 2
v 1 3
v 2 2
v 3 5
v 4 5
v 5 6
v 6 5
v 7 6
v 8 5
v 9 2
v 10 5
v 11 5
v 12 6
v 13 5
v 14 6
e 2 1 2
e 3 2 1
e 4 2 2
e 5 4 3
e 6 5 2
e 7 5 3
e 8 7 2
e 9 7 3
e 10 9 2
e 11 10 2
e 12 9 3
e 13 12 2
e 14 12 3
e 14 4 3
e 14 0 2
t # 151 
v 0 5
v 1 5
v 2 5
v 3 5
v 4 5
v 5 2
v 6 2
v 7 5
v 8 5
v 9 5
v 10 5
v 11 5
v 12 5
v 13 5
v 14 5
v 15 5
v 16 5
v 17 5
v 18 2
v 19 2
v 20 5
v 21 5
v 22 5
v 23 5
v 24 5
v 25 5
v 26 5
v 27 5
e 2 1 3
e 3 2 3
e 4 3 3
e 5 4 2
e 6 5 1
e 7 5 2
e 8 7 2
e 9 8 2
e 10 9 2
e 11 10 2
e 12 9 2
e 13 12 2
e 14 13 2
e 15 14 2
e 16 4 3
e 17 16 3
e 17 1 3
e 18 16 2
e 19 18 1
e 20 18 2
e 21 20 2
e 22 21 2
e 23 22 2
e 24 23 2
e 25 22 2
e 26 25 2
e 27 26 2
e 27 0 2
t # 152 
v 0 3
v 1 5
v 2 5
v 3 5
v 4 5
v 5 5
v 6 7
v 7 7
v 8 5
v 9 5
v 10 5
v 11 6
e 2 1 2
e 3 2 2
e 4 1 2
e 5 4 2
e 6 1 2
e 7 6 1
e 8 6 2
e 9 8 2
e 10 9 2
e 11 10 1
e 10 0 2
t # 153 
v 0 5
v 1 3
v 2 5
v 3 5
v 4 5
v 5 5
v 6 5
v 7 2
v 8 5
v 9 5
v 10 3
v 11 5
v 12 5
v 13 2
e 2 1 2
e 3 1 3
e 4 3 3
e 5 4 3
e 6 5 3
e 7 6 3
e 7 1 3
e 8 7 2
e 9 8 2
e 10 9 2
e 11 4 2
e 12 11 2
e 13 12 2
e 12 0 1
t # 154 
v 0 5
v 1 5
v 2 5
v 3 5
v 4 2
v 5 5
v 6 5
v 7 5
v 8 5
v 9 5
v 10 5
v 11 5
v 12 5
v 13 5
v 14 2
v 15 5
v 16 5
e 2 1 3
e 3 2 3
e 4 3 3
e 5 4 2
e 6 4 3
e 7 6 3
e 7 1 3
e 8 1 2
e 9 8 2
e 10 8 2
e 11 8 2
e 12 11 3
e 13 12 3
e 14 13 3
e 15 14 2
e 16 14 3
e 16 0 3
e 11 0 3
t # 155 
v 0 5
v 1 5
v 2 5
v 3 3
v 4 5
v 5 5
v 6 6
v 7 5
v 8 3
e 2 1 3
e 3 2 3
e 4 3 2
e 5 3 3
e 6 5 3
e 7 6 2
e 8 6 3
e 8 1 3
e 8 0 2
t # 156 
v 0 5
v 1 5
v 2 5
v 3 5
v 4 5
v 5 5
v 6 5
v 7 5
v 8 3
v 9 5
v 10 5
v 11 5
v 12 2
v 13 2
e 2 1 2
e 3 2 2
e 4 3 2
e 5 4 2
e 6 5 2
e 7 6 2
e 8 7 2
e 9 8 2
e 10 1 2
e 11 10 2
e 12 11 2
e 13 12 1
e 12 0 2
t # 157 
v 0 5
v 1 14
v 2 14
v 3 14
e 2 1 2
e 3 1 2
e 1 0 2
t # 158 
v 0 2
v 1 5
v 2 5
v 3 5
v 4 5
v 5 5
v 6 5
v 7 5
v 8 5
v 9 2
v 10 5
v 11 5
v 12 5
v 13 5
v 14 5
v 15 5
v 16 3
v 17 5
e 2 1 1
e 3 2 2
e 4 3 3
e 5 4 3
e 6 5 3
e 7 6 3
e 8 7 3
e 8 3 3
e 9 8 2
e 10 9 1
e 11 9 2
e 12 11 3
e 13 12 3
e 14 13 3
e 15 14 2
e 16 14 3
e 17 16 2
e 16 0 3
e 2 0 2
e 11 0 3
t # 159 
v 0 3
v 1 5
v 2 5
v 3 6
v 4 5
v 5 5
v 6 3
v 7 5
v 8 5
v 9 6
e 2 1 2
e 3 2 3
e 4 3 2
e 5 3 3
e 6 5 3
e 7 6 2
e 8 6 3
e 9 8 3
e 9 2 3
e 9 0 2
t # 160 
v 0 5
v 1 8
v 2 5
v 3 8
e 2 1 2
e 3 1 2
e 3 0 2
t # 161 
v 0 2
v 1 3
v 2 2
v 3 5
v 4 5
v 5 5
v 6 5
v 7 5
v 8 5
v 9 5
v 10 5
v 11 5
v 12 5
v 13 5
v 14 5
e 2 1 2
e 3 2 1
e 4 2 2
e 5 4 3
e 6 5 3
e 7 6 3
e 8 7 2
e 9 8 2
e 10 9 2
e 11 10 3
e 12 11 3
e 13 12 3
e 14 13 3
e 14 4 3
e 14 0 3
e 7 0 3
e 10 0 3
t # 162 
v 0 5
v 1 5
v 2 5
v 3 5
v 4 5
v 5 2
v 6 2
v 7 5
v 8 5
v 9 5
v 10 5
v 11 5
v 12 5
v 13 5
v 14 2
v 15 2
v 16 5
v 17 5
v 18 5
v 19 5
v 20 5
v 21 5
v 22 5
e 2 1 3
e 3 2 3
e 4 3 3
e 5 4 2
e 6 5 1
e 7 5 2
e 8 7 2
e 9 8 2
e 10 9 2
e 11 10 2
e 12 4 3
e 13 12 3
e 13 1 3
e 14 12 2
e 15 14 1
e 16 14 2
e 17 16 2
e 18 17 2
e 19 18 3
e 20 19 3
e 21 20 3
e 22 21 3
e 22 0 3
e 18 0 3
t # 163 
v 0 2
v 1 5
v 2 5
v 3 5
v 4 5
v 5 5
v 6 5
v 7 3
e 2 1 1
e 3 2 2
e 4 3 2
e 5 4 2
e 6 5 2
e 7 6 2
e 7 0 2
e 2 0 2
t # 164 
v 0 5
v 1 5
v 2 5
v 3 2
v 4 5
v 5 5
v 6 5
v 7 5
v 8 3
e 2 1 3
e 3 2 3
e 4 3 2
e 5 4 2
e 6 3 3
e 7 6 3
e 8 7 3
e 8 1 3
e 8 0 2
t # 165 
v 0 5
v 1 5
v 2 5
v 3 5
v 4 5
v 5 5
v 6 3
v 7 3
v 8 5
v 9 5
v 10 2
v 11 5
v 12 5
v 13 5
v 14 5
v 15 5
v 16 5
v 17 5
v 18 5
v 19 7
v 20 2
v 21 2
v 22 2
v 23 4
v 24 7
v 25 2
v 26 2
v 27 2
v 28 4
e 2 1 3
e 3 2 3
e 4 3 3
e 5 4 3
e 6 5 3
e 6 1 3
e 7 5 2
e 8 7 1
e 9 8 2
e 10 9 3
e 11 10 2
e 12 10 3
e 13 12 3
e 14 13 3
e 15 14 3
e 16 15 3
e 17 16 3
e 18 17 3
e 19 18 3
e 19 9 3
e 19 14 3
e 20 18 2
e 21 20 1
e 22 20 1
e 23 20 2
e 24 23 2
e 25 16 2
e 26 25 1
e 27 25 1
e 28 25 2
e 28 0 2
t # 166 
v 0 2
v 1 3
v 2 2
v 3 5
v 4 5
v 5 5
v 6 5
v 7 3
v 8 5
v 9 3
v 10 5
v 11 5
e 2 1 2
e 3 2 1
e 4 2 2
e 5 4 3
e 6 5 3
e 7 6 3
e 8 7 3
e 9 8 3
e 10 9 3
e 11 10 3
e 11 7 3
e 11 0 3
e 4 0 3
t # 167 
v 0 2
v 1 5
v 2 5
v 3 5
v 4 5
v 5 5
v 6 5
v 7 5
v 8 5
v 9 5
v 10 2
v 11 5
v 12 5
v 13 5
v 14 5
v 15 5
v 16 2
v 17 2
v 18 5
v 19 5
v 20 5
v 21 5
v 22 5
v 23 5
v 24 5
v 25 5
e 2 1 2
e 3 2 2
e 4 3 2
e 5 4 2
e 6 3 2
e 7 6 2
e 8 7 2
e 9 8 2
e 10 1 2
e 11 10 1
e 12 10 2
e 13 12 2
e 14 13 2
e 15 14 2
e 16 15 2
e 17 16 1
e 18 16 2
e 19 18 2
e 20 19 2
e 21 20 2
e 22 21 2
e 23 20 2
e 24 23 2
e 25 24 2
e 25 0 2
t # 168 
v 0 5
v 1 5
v 2 5
v 3 6
v 4 5
v 5 5
v 6 5
v 7 2
v 8 5
v 9 5
v 10 5
v 11 6
v 12 5
v 13 5
v 14 5
v 15 2
e 2 1 3
e 3 2 3
e 4 3 2
e 5 3 3
e 6 5 3
e 7 6 3
e 7 1 3
e 8 7 2
e 9 8 2
e 10 9 3
e 11 10 3
e 12 11 2
e 13 11 3
e 14 13 3
e 15 14 3
e 15 9 3
e 15 0 2
e 1 0 2
t # 169 
v 0 3
v 1 3
v 2 5
v 3 5
v 4 5
v 5 5
v 6 5
v 7 5
v 8 5
v 9 5
v 10 2
v 11 5
v 12 5
v 13 5
v 14 5
v 15 5
v 16 5
v 17 5
v 18 5
e 2 1 1
e 3 2 2
e 4 3 3
e 5 4 3
e 6 5 3
e 7 6 3
e 8 7 3
e 8 3 3
e 9 1 2
e 10 9 3
e 11 10 2
e 12 10 3
e 13 12 3
e 14 13 3
e 15 14 3
e 16 15 3
e 17 16 3
e 18 17 3
e 18 0 3
e 9 0 3
e 14 0 3
t # 170 
v 0 3
v 1 3
v 2 5
v 3 5
v 4 5
v 5 5
v 6 5
v 7 5
v 8 5
v 9 3
v 10 2
v 11 2
v 12 5
v 13 5
v 14 2
v 15 5
v 16 5
v 17 5
v 18 5
v 19 5
v 20 5
v 21 5
v 22 5
e 2 1 1
e 3 2 2
e 4 3 3
e 5 4 3
e 6 5 3
e 7 6 2
e 8 6 3
e 9 8 3
e 9 3 3
e 10 9 2
e 11 10 1
e 12 10 2
e 13 1 2
e 14 13 3
e 15 14 2
e 16 14 3
e 17 16 3
e 18 17 3
e 19 18 3
e 20 19 3
e 21 20 3
e 22 21 3
e 22 0 3
e 13 0 3
e 18 0 3
t # 171 
v 0 5
v 1 5
v 2 5
v 3 7
v 4 2
v 5 5
v 6 5
v 7 5
v 8 5
v 9 5
v 10 5
v 11 5
v 12 5
v 13 5
v 14 5
v 15 5
v 16 5
v 17 2
v 18 5
v 19 2
v 20 5
v 21 5
e 2 1 2
e 3 2 2
e 4 2 2
e 5 4 1
e 6 4 2
e 7 6 2
e 8 7 2
e 9 8 2
e 10 9 2
e 11 10 2
e 12 11 2
e 13 12 2
e 14 1 2
e 15 14 3
e 16 15 3
e 17 16 3
e 18 17 2
e 19 18 2
e 20 19 2
e 21 20 2
e 21 17 3
e 21 0 3
e 14 0 3
t # 172 
v 0 2
v 1 5
v 2 5
v 3 5
v 4 5
v 5 2
e 2 1 1
e 3 2 2
e 4 3 2
e 5 4 2
e 5 0 2
e 2 0 2
t # 173 
v 0 5
v 1 5
v 2 2
v 3 5
v 4 7
v 5 1
v 6 7
v 7 2
v 8 5
v 9 5
v 10 2
v 11 5
v 12 5
v 13 5
v 14 2
v 15 7
v 16 1
v 17 7
v 18 2
v 19 5
v 20 5
v 21 2
v 22 5
v 23 5
e 2 1 2
e 3 2 2
e 4 3 2
e 5 4 2
e 6 5 2
e 7 6 1
e 8 6 2
e 9 8 2
e 10 9 2
e 11 6 2
e 12 11 2
e 13 12 2
e 14 4 2
e 15 14 2
e 15 1 2
e 16 14 2
e 17 16 2
e 18 17 1
e 19 17 2
e 20 19 2
e 21 20 2
e 22 17 2
e 23 22 2
e 23 0 2
t # 174 
v 0 5
v 1 5
v 2 6
v 3 6
e 2 1 1
e 3 1 2
e 1 0 2
t # 175 
v 0 5
v 1 5
v 2 2
v 3 5
v 4 5
v 5 2
v 6 5
v 7 5
v 8 2
v 9 5
v 10 5
v 11 2
v 12 5
v 13 2
v 14 5
v 15 5
v 16 5
v 17 5
v 18 2
v 19 5
v 20 2
v 21 5
e 2 1 3
e 3 2 2
e 4 2 3
e 5 4 3
e 6 5 2
e 7 5 3
e 8 7 3
e 8 1 3
e 9 8 2
e 10 9 2
e 11 10 1
e 12 11 2
e 13 11 2
e 13 1 2
e 14 13 1
e 15 10 2
e 16 15 3
e 17 16 3
e 18 17 3
e 19 18 2
e 20 18 3
e 21 20 2
e 20 0 3
e 15 0 3
t # 176 
v 0 5
v 1 5
v 2 5
v 3 3
v 4 5
v 5 5
v 6 5
v 7 5
v 8 3
e 2 1 3
e 3 2 3
e 4 3 2
e 5 3 3
e 6 5 3
e 7 6 2
e 8 6 3
e 8 1 3
e 8 0 2
t # 177 
v 0 5
v 1 5
v 2 5
v 3 5
v 4 2
v 5 5
v 6 5
v 7 2
e 2 1 3
e 3 2 3
e 4 3 3
e 5 4 2
e 6 4 3
e 7 6 3
e 7 1 3
e 7 0 2
t # 178 
v 0 5
v 1 2
v 2 5
v 3 5
v 4 2
v 5 5
v 6 5
v 7 2
v 8 5
v 9 5
v 10 5
v 11 5
v 12 5
v 13 5
v 14 5
v 15 2
v 16 5
v 17 2
v 18 5
v 19 5
v 20 5
v 21 5
v 22 5
v 23 5
e 2 1 2
e 3 2 2
e 4 3 2
e 5 4 2
e 6 5 2
e 7 6 2
e 8 7 2
e 9 8 2
e 10 9 2
e 11 10 2
e 12 11 2
e 13 1 2
e 14 13 3
e 15 14 3
e 16 15 2
e 17 16 2
e 18 17 2
e 19 18 2
e 19 15 3
e 20 19 3
e 21 20 3
e 21 13 3
e 22 21 2
e 23 22 2
e 23 0 2
t # 179 
v 0 5
v 1 5
v 2 5
v 3 5
v 4 2
e 2 1 3
e 3 2 3
e 4 3 3
e 4 0 3
e 1 0 3
t # 180 
v 0 5
v 1 5
v 2 5
v 3 5
v 4 5
v 5 5
v 6 5
v 7 2
v 8 2
v 9 5
v 10 5
v 11 2
v 12 2
v 13 5
e 2 1 3
e 3 2 3
e 4 3 3
e 5 4 3
e 6 5 3
e 6 1 3
e 7 6 2
e 8 7 1
e 9 7 2
e 10 9 2
e 11 3 2
e 12 11 1
e 13 11 2
e 13 0 2
t # 181 
v 0 5
v 1 5
v 2 5
v 3 5
v 4 5
v 5 5
v 6 5
v 7 7
v 8 2
v 9 2
v 10 2
v 11 5
v 12 5
v 13 5
v 14 5
v 15 5
v 16 5
v 17 3
v 18 3
v 19 5
v 20 5
v 21 5
v 22 5
v 23 5
v 24 5
v 25 5
v 26 5
v 27 5
v 28 5
v 29 5
v 30 3
v 31 3
v 32 5
v 33 5
v 34 2
v 35 5
v 36 5
v 37 5
v 38 5
v 39 5
v 40 5
v 41 5
v 42 5
v 43 7
v 44 2
v 45 2
v 46 2
v 47 4
v 48 7
v 49 2
v 50 2
v 51 2
v 52 4
v 53 5
v 54 5
v 55 5
e 2 1 2
e 3 2 3
e 4 3 3
e 5 4 3
e 6 5 3
e 7 6 3
e 7 2 3
e 8 5 2
e 9 8 1
e 10 8 1
e 11 8 2
e 12 11 2
e 13 12 3
e 14 13 3
e 15 14 3
e 16 15 3
e 17 16 3
e 17 12 3
e 18 15 2
e 19 18 1
e 20 19 2
e 21 20 3
e 22 21 3
e 23 22 3
e 24 23 3
e 25 24 3
e 25 20 3
e 26 25 2
e 27 23 2
e 28 27 3
e 29 28 3
e 30 29 3
e 31 30 2
e 32 31 1
e 33 32 2
e 34 33 3
e 35 34 2
e 36 34 3
e 37 36 3
e 38 37 3
e 39 38 3
e 40 39 3
e 41 40 3
e 42 41 3
e 43 42 3
e 43 33 3
e 43 38 3
e 44 42 2
e 45 44 1
e 46 44 1
e 47 44 2
e 48 47 2
e 49 40 2
e 50 49 1
e 51 49 1
e 52 49 2
e 53 52 2
e 54 30 3
e 55 54 2
e 54 0 3
e 27 0 3
t # 182 
v 0 5
v 1 5
v 2 5
v 3 5
v 4 5
v 5 5
v 6 2
v 7 5
v 8 5
v 9 5
v 10 5
v 11 5
v 12 5
v 13 2
e 2 1 3
e 3 2 3
e 4 3 3
e 5 4 3
e 6 5 3
e 6 1 3
e 7 6 2
e 8 7 2
e 9 8 3
e 10 9 3
e 11 10 3
e 12 11 3
e 13 12 3
e 13 8 3
e 13 0 2
e 1 0 2
t # 183 
v 0 5
v 1 3
v 2 5
v 3 2
v 4 3
v 5 5
v 6 2
v 7 5
v 8 5
v 9 5
v 10 5
v 11 5
v 12 5
v 13 5
v 14 5
v 15 5
v 16 5
v 17 5
v 18 5
e 2 1 2
e 3 2 2
e 4 3 1
e 5 3 2
e 6 5 2
e 6 1 2
e 7 6 1
e 8 1 2
e 9 8 3
e 10 9 3
e 11 10 3
e 12 11 3
e 13 12 3
e 13 8 3
e 14 1 2
e 15 14 3
e 16 15 3
e 17 16 3
e 18 17 3
e 18 0 3
e 14 0 3
t # 184 
v 0 5
v 1 5
v 2 5
v 3 5
v 4 3
v 5 3
v 6 5
v 7 5
v 8 5
v 9 5
v 10 5
v 11 5
v 12 5
v 13 5
v 14 5
v 15 5
v 16 2
v 17 7
v 18 2
v 19 2
v 20 2
v 21 4
v 22 5
v 23 5
v 24 5
v 25 5
v 26 5
v 27 5
v 28 7
v 29 2
v 30 2
v 31 2
v 32 4
e 2 1 3
e 3 2 3
e 4 3 3
e 5 4 2
e 6 5 1
e 7 6 2
e 8 7 3
e 9 8 3
e 10 9 3
e 11 10 3
e 12 11 3
e 13 12 3
e 14 13 3
e 15 14 3
e 15 10 3
e 16 15 3
e 16 7 3
e 17 16 2
e 18 9 2
e 19 18 1
e 20 18 1
e 21 18 2
e 22 21 2
e 23 4 3
e 24 23 3
e 25 24 3
e 26 25 3
e 27 26 3
e 28 27 3
e 28 1 3
e 28 23 3
e 29 1 2
e 30 29 1
e 31 29 1
e 32 29 2
e 32 0 2
t # 185 
v 0 5
v 1 5
v 2 5
v 3 3
v 4 5
v 5 5
v 6 3
v 7 5
v 8 2
e 2 1 3
e 3 2 3
e 4 3 2
e 5 3 3
e 6 5 3
e 7 6 2
e 8 6 3
e 8 1 3
e 8 0 2
t # 186 
v 0 5
v 1 8
v 2 5
v 3 8
v 4 5
v 5 2
e 2 1 2
e 3 1 2
e 4 3 2
e 5 1 2
e 5 0 2
t # 187 
v 0 5
v 1 5
v 2 3
v 3 5
v 4 2
v 5 5
v 6 5
v 7 5
v 8 5
v 9 3
v 10 2
v 11 2
e 2 1 3
e 3 2 2
e 4 2 3
e 5 4 2
e 6 5 2
e 7 4 3
e 8 7 3
e 9 8 3
e 9 1 3
e 10 9 2
e 11 10 1
e 10 0 2
t # 188 
v 0 5
v 1 5
v 2 5
v 3 5
v 4 5
v 5 5
v 6 3
v 7 5
v 8 5
v 9 2
v 10 3
v 11 3
v 12 5
v 13 5
v 14 5
v 15 5
v 16 5
v 17 5
v 18 5
v 19 2
e 2 1 3
e 3 2 3
e 4 3 3
e 5 4 3
e 6 5 3
e 6 1 3
e 7 6 2
e 8 7 2
e 9 8 2
e 10 8 1
e 11 3 2
e 12 11 1
e 13 12 2
e 14 13 3
e 15 14 3
e 16 15 2
e 17 15 3
e 18 17 3
e 19 18 3
e 19 13 3
e 19 0 2
t # 189 
v 0 5
v 1 5
v 2 5
v 3 5
v 4 3
v 5 5
v 6 2
v 7 5
v 8 5
v 9 2
v 10 5
v 11 5
v 12 5
v 13 5
v 14 5
v 15 3
v 16 5
v 17 2
v 18 5
v 19 2
v 20 5
v 21 5
e 2 1 3
e 3 2 3
e 4 3 3
e 5 4 2
e 6 5 1
e 7 6 1
e 8 4 3
e 9 8 3
e 9 1 3
e 10 8 2
e 11 10 2
e 12 1 2
e 13 12 3
e 14 13 3
e 15 14 3
e 16 15 2
e 17 16 1
e 18 17 1
e 19 15 3
e 20 19 2
e 21 20 2
e 19 0 3
e 12 0 3
t # 190 
v 0 5
v 1 5
v 2 5
v 3 5
v 4 5
v 5 5
v 6 5
v 7 5
v 8 5
v 9 2
v 10 2
v 11 5
e 2 1 3
e 3 2 3
e 4 3 2
e 5 4 2
e 6 5 1
e 7 3 3
e 8 7 3
e 9 8 3
e 9 1 3
e 10 9 2
e 11 8 2
e 11 0 2
t # 191 
v 0 5
v 1 7
v 2 3
v 3 5
v 4 3
v 5 5
v 6 5
e 2 1 1
e 3 1 2
e 4 3 2
e 5 1 2
e 6 5 2
e 5 0 2
t # 192 
v 0 5
v 1 3
v 2 5
v 3 5
v 4 5
v 5 5
v 6 3
v 7 5
v 8 5
e 2 1 2
e 3 1 3
e 4 3 3
e 5 4 3
e 6 5 3
e 7 6 2
e 8 6 3
e 8 1 3
e 8 0 2
t # 193 
v 0 5
v 1 5
v 2 5
v 3 5
v 4 5
v 5 5
v 6 2
e 2 1 3
e 3 2 3
e 4 3 3
e 5 4 3
e 6 5 3
e 6 1 3
e 5 0 2
t # 194 
v 0 5
v 1 5
v 2 5
v 3 6
v 4 5
v 5 6
v 6 5
v 7 5
v 8 2
v 9 5
v 10 5
v 11 5
v 12 6
v 13 5
v 14 6
v 15 5
v 16 5
v 17 2
e 2 1 3
e 3 2 3
e 4 3 2
e 5 3 3
e 6 5 2
e 7 5 3
e 8 7 3
e 8 1 3
e 9 8 2
e 10 9 2
e 11 10 3
e 12 11 3
e 13 12 2
e 14 12 3
e 15 14 2
e 16 14 3
e 17 16 3
e 17 10 3
e 17 0 2
e 1 0 2
t # 195 
v 0 3
v 1 3
v 2 5
v 3 5
v 4 2
v 5 5
v 6 5
v 7 5
v 8 5
v 9 5
v 10 5
v 11 5
v 12 5
v 13 7
v 14 2
v 15 2
v 16 2
v 17 4
v 18 5
v 19 5
v 20 5
v 21 5
v 22 5
v 23 5
v 24 7
v 25 2
v 26 2
v 27 2
v 28 4
e 2 1 1
e 3 2 2
e 4 3 3
e 5 4 2
e 6 4 3
e 7 6 3
e 8 7 3
e 9 8 3
e 10 9 3
e 11 10 3
e 12 11 3
e 13 12 3
e 13 3 3
e 13 8 3
e 14 10 2
e 15 14 1
e 16 14 1
e 17 14 2
e 18 17 2
e 19 1 2
e 20 19 3
e 21 20 3
e 22 21 3
e 23 22 3
e 24 23 3
e 24 19 3
e 25 22 2
e 26 25 1
e 27 25 1
e 28 25 2
e 28 0 2
t # 196 
v 0 2
v 1 5
v 2 5
v 3 5
v 4 5
v 5 3
v 6 5
v 7 5
v 8 5
v 9 5
v 10 5
v 11 5
v 12 3
v 13 5
v 14 5
e 2 1 2
e 3 2 3
e 4 3 3
e 5 4 3
e 6 5 2
e 7 5 3
e 8 7 3
e 8 2 3
e 9 1 2
e 10 9 3
e 11 10 3
e 12 11 3
e 13 12 2
e 14 12 3
e 14 0 3
e 9 0 3
t # 197 
v 0 5
v 1 5
v 2 5
v 3 5
v 4 5
v 5 5
v 6 5
v 7 2
v 8 5
v 9 2
v 10 5
v 11 5
v 12 5
v 13 5
v 14 5
v 15 5
e 2 1 3
e 3 2 3
e 4 3 3
e 5 4 3
e 6 5 3
e 6 1 3
e 7 5 2
e 8 7 2
e 9 7 2
e 10 9 1
e 11 9 2
e 12 11 3
e 13 12 3
e 14 13 3
e 15 14 3
e 15 0 3
e 11 0 3
t # 198 
v 0 2
v 1 5
v 2 2
v 3 4
v 4 5
v 5 5
v 6 8
v 7 5
v 8 2
v 9 5
v 10 5
v 11 5
v 12 5
v 13 2
v 14 5
v 15 5
v 16 5
e 2 1 1
e 3 2 2
e 4 3 2
e 5 2 2
e 6 5 1
e 7 6 2
e 8 6 2
e 9 8 1
e 10 8 2
e 11 10 3
e 12 11 3
e 13 12 3
e 14 13 2
e 15 14 2
e 16 13 3
e 16 0 3
e 10 0 3
t # 199 
v 0 5
v 1 8
v 2 5
v 3 8
v 4 5
v 5 6
e 2 1 2
e 3 1 2
e 4 3 2
e 5 1 2
e 5 0 2
t # 200 
v 0 5
v 1 5
v 2 5
v 3 5
v 4 5
v 5 5
v 6 5
v 7 5
v 8 3
v 9 5
v 10 3
v 11 3
v 12 5
v 13 3
v 14 3
e 2 1 3
e 3 2 3
e 4 3 3
e 5 4 3
e 6 5 3
e 6 1 3
e 7 5 2
e 8 7 2
e 9 8 2
e 10 9 2
e 11 10 1
e 12 10 2
e 13 12 2
e 14 13 2
e 13 0 1
t # 201 
v 0 5
v 1 6
v 2 5
v 3 6
v 4 5
v 5 6
v 6 5
v 7 5
v 8 5
v 9 6
v 10 5
v 11 6
v 12 5
v 13 5
v 14 6
v 15 5
v 16 6
v 17 6
e 2 1 2
e 3 1 1
e 4 3 2
e 5 3 2
e 6 5 2
e 7 5 2
e 8 7 2
e 9 8 2
e 10 9 2
e 11 9 2
e 12 11 2
e 13 11 2
e 13 7 2
e 14 13 2
e 14 1 2
e 15 14 2
e 16 14 2
e 16 5 2
e 17 16 2
e 16 0 2
t # 202 
v 0 5
v 1 6
v 2 5
v 3 6
v 4 6
e 2 1 2
e 3 1 1
e 4 3 2
e 3 0 2
t # 203 
v 0 7
v 1 1
v 2 2
v 3 5
v 4 2
v 5 5
v 6 7
v 7 5
v 8 5
v 9 2
v 10 3
v 11 5
e 2 1 1
e 3 2 2
e 4 3 2
e 5 2 2
e 6 5 2
e 7 2 2
e 8 7 2
e 9 8 2
e 10 9 1
e 11 9 2
e 11 0 2
t # 204 
v 0 5
v 1 5
v 2 5
v 3 5
v 4 5
v 5 5
v 6 5
v 7 5
v 8 3
v 9 5
v 10 5
v 11 3
v 12 5
v 13 5
v 14 5
v 15 3
e 2 1 3
e 3 2 3
e 4 3 3
e 5 4 3
e 6 5 3
e 7 6 3
e 8 7 3
e 9 8 2
e 10 8 3
e 11 10 3
e 11 5 3
e 12 11 3
e 13 12 3
e 13 3 3
e 14 13 3
e 15 14 3
e 15 1 3
e 15 0 2
t # 205 
v 0 6
v 1 5
v 2 6
v 3 6
e 2 1 2
e 3 2 2
e 2 0 2
t # 206 
v 0 5
v 1 6
v 2 5
v 3 6
v 4 5
v 5 2
v 6 5
v 7 6
v 8 5
v 9 6
v 10 5
v 11 6
v 12 5
v 13 6
v 14 6
v 15 5
v 16 6
v 17 5
v 18 6
v 19 5
v 20 6
e 2 1 2
e 3 1 2
e 4 3 2
e 5 3 2
e 6 5 1
e 7 5 2
e 8 7 2
e 9 7 2
e 9 1 2
e 10 9 2
e 11 9 2
e 12 11 2
e 13 11 2
e 14 13 2
e 15 13 2
e 16 13 2
e 16 1 2
e 17 16 2
e 18 16 2
e 18 3 2
e 19 18 2
e 20 18 2
e 20 7 2
e 20 11 2
e 20 0 2
t # 207 
v 0 7
v 1 2
v 2 2
v 3 5
v 4 5
v 5 5
v 6 5
v 7 6
v 8 5
v 9 5
v 10 5
v 11 5
v 12 5
v 13 5
v 14 6
v 15 5
v 16 5
e 2 1 1
e 3 1 1
e 4 1 2
e 5 4 3
e 6 5 3
e 7 6 3
e 8 7 2
e 9 7 3
e 10 9 3
e 10 4 3
e 11 1 2
e 12 11 3
e 13 12 3
e 14 13 3
e 15 14 2
e 16 14 3
e 16 0 3
e 11 0 3
t # 208 
v 0 5
v 1 5
v 2 5
v 3 5
v 4 5
v 5 3
v 6 5
v 7 5
v 8 2
v 9 2
e 2 1 3
e 3 2 3
e 4 3 3
e 5 4 3
e 6 5 2
e 7 5 3
e 7 1 3
e 8 7 2
e 9 8 2
e 8 0 1
t # 209 
v 0 5
v 1 5
v 2 5
v 3 5
v 4 5
v 5 2
v 6 5
v 7 5
v 8 5
v 9 5
v 10 5
v 11 5
v 12 5
v 13 2
v 14 5
v 15 5
v 16 5
v 17 5
v 18 6
v 19 6
v 20 6
e 2 1 2
e 3 2 3
e 4 3 3
e 5 4 3
e 6 5 2
e 7 6 2
e 8 5 3
e 9 8 3
e 9 2 3
e 10 1 2
e 11 10 3
e 12 11 3
e 13 12 3
e 14 13 2
e 15 14 2
e 16 13 3
e 17 16 3
e 17 10 3
e 18 1 2
e 19 18 2
e 20 18 2
e 18 0 2
t # 210 
v 0 5
v 1 5
v 2 6
v 3 3
v 4 5
v 5 5
v 6 5
v 7 2
v 8 1
v 9 2
v 10 3
v 11 5
v 12 5
v 13 6
e 2 1 2
e 3 2 2
e 4 1 2
e 5 4 2
e 6 5 2
e 7 6 2
e 8 7 2
e 9 8 2
e 9 4 2
e 10 9 1
e 11 9 2
e 12 11 2
e 13 12 2
e 13 0 2
t # 211 
v 0 2
v 1 5
v 2 3
v 3 5
v 4 5
v 5 5
v 6 5
v 7 3
v 8 7
v 9 2
v 10 2
v 11 5
v 12 5
v 13 5
v 14 5
v 15 5
v 16 5
v 17 5
e 2 1 1
e 3 2 2
e 4 3 2
e 5 4 2
e 6 5 2
e 7 6 2
e 8 2 2
e 9 8 2
e 10 9 1
e 11 9 1
e 12 9 2
e 13 12 3
e 14 13 3
e 15 14 3
e 16 15 2
e 17 15 3
e 17 0 3
e 12 0 3
t # 212 
v 0 5
v 1 5
v 2 5
v 3 5
v 4 5
v 5 5
v 6 3
v 7 5
v 8 5
v 9 5
v 10 5
v 11 5
v 12 5
v 13 3
v 14 2
v 15 2
v 16 5
v 17 9
v 18 9
v 19 9
v 20 3
v 21 2
v 22 2
e 2 1 3
e 3 2 3
e 4 3 3
e 5 4 3
e 6 5 3
e 6 1 3
e 7 6 2
e 8 7 2
e 9 8 2
e 10 9 2
e 11 7 2
e 12 11 2
e 13 12 2
e 14 5 2
e 15 14 1
e 16 14 2
e 17 3 2
e 18 17 2
e 19 17 2
e 20 17 2
e 21 1 2
e 22 21 1
e 21 0 2
t # 213 
v 0 2
v 1 1
v 2 2
v 3 5
v 4 2
v 5 5
v 6 2
v 7 5
v 8 5
v 9 6
v 10 5
v 11 5
v 12 5
v 13 6
v 14 5
v 15 6
v 16 5
v 17 5
v 18 6
e 2 1 1
e 3 2 2
e 4 3 2
e 5 2 2
e 6 5 2
e 7 2 2
e 8 7 2
e 9 8 1
e 10 9 2
e 11 8 2
e 12 11 3
e 13 12 3
e 14 13 2
e 15 13 3
e 16 15 2
e 17 15 3
e 18 17 3
e 18 11 3
e 18 0 2
t # 214 
v 0 5
v 1 5
v 2 5
v 3 2
v 4 5
v 5 5
v 6 5
v 7 5
v 8 3
v 9 2
v 10 5
e 2 1 3
e 3 2 3
e 4 3 2
e 5 4 2
e 6 3 3
e 7 6 3
e 8 7 3
e 8 1 3
e 9 8 2
e 10 7 2
e 10 0 2
t # 215 
v 0 5
v 1 2
v 2 5
v 3 2
v 4 5
v 5 2
v 6 5
v 7 5
v 8 2
v 9 5
v 10 5
v 11 5
v 12 5
v 13 2
v 14 5
v 15 5
v 16 5
v 17 3
v 18 5
v 19 5
v 20 5
v 21 2
v 22 5
v 23 2
v 24 5
v 25 5
v 26 5
v 27 5
v 28 5
e 2 1 2
e 3 2 2
e 4 3 1
e 5 3 2
e 6 5 2
e 7 5 2
e 8 7 2
e 9 7 2
e 10 9 2
e 11 5 2
e 12 11 2
e 13 11 2
e 14 11 2
e 15 1 2
e 16 15 1
e 17 16 2
e 18 17 2
e 19 18 2
e 20 19 2
e 21 20 2
e 22 21 2
e 23 22 2
e 24 23 1
e 25 23 2
e 26 25 2
e 27 25 1
e 28 27 2
e 21 0 2
e 15 0 2
e 18 0 2
t # 216 
v 0 5
v 1 8
v 2 5
v 3 5
v 4 5
v 5 5
v 6 5
v 7 2
v 8 3
v 9 5
v 10 3
v 11 2
e 2 1 2
e 3 1 2
e 4 3 2
e 5 1 2
e 6 5 2
e 7 1 2
e 8 7 1
e 9 7 2
e 10 9 2
e 11 10 2
e 10 0 1
t # 217 
v 0 3
v 1 5
v 2 5
v 3 5
v 4 5
v 5 5
v 6 7
v 7 7
v 8 4
e 2 1 2
e 3 2 2
e 4 1 2
e 5 4 2
e 6 1 2
e 7 6 1
e 8 6 2
e 8 0 2
t # 218 
v 0 5
v 1 5
v 2 5
v 3 3
v 4 5
v 5 5
v 6 5
v 7 3
e 2 1 3
e 3 2 3
e 4 3 2
e 5 3 3
e 6 5 3
e 7 6 3
e 7 1 3
e 7 0 2
t # 219 
v 0 5
v 1 5
v 2 5
v 3 5
v 4 5
v 5 5
v 6 5
v 7 2
v 8 5
v 9 5
v 10 5
v 11 5
v 12 5
v 13 5
v 14 5
v 15 5
v 16 5
v 17 5
v 18 5
v 19 5
v 20 5
v 21 5
v 22 5
v 23 5
v 24 5
v 25 2
v 26 2
e 2 1 2
e 3 2 2
e 4 3 2
e 5 3 2
e 6 5 2
e 7 6 2
e 7 1 2
e 8 7 2
e 9 5 2
e 10 9 2
e 11 10 2
e 12 11 2
e 12 3 2
e 13 12 2
e 14 13 2
e 15 14 2
e 16 15 2
e 17 15 2
e 18 17 2
e 19 18 2
e 20 19 2
e 20 11 2
e 20 15 2
e 21 17 2
e 22 21 2
e 23 21 2
e 24 23 2
e 25 24 2
e 26 25 2
e 25 0 1
t # 220 
v 0 3
v 1 5
v 2 5
v 3 2
v 4 5
v 5 5
v 6 5
v 7 5
v 8 5
v 9 5
v 10 5
v 11 2
v 12 5
v 13 6
e 2 1 2
e 3 2 2
e 4 2 1
e 5 1 2
e 6 5 3
e 7 6 3
e 8 7 3
e 9 8 3
e 10 9 3
e 10 5 3
e 11 8 2
e 12 11 1
e 13 11 2
e 13 0 2
t # 221 
v 0 5
v 1 6
v 2 5
v 3 5
v 4 5
v 5 5
v 6 5
v 7 3
e 2 1 2
e 3 1 2
e 4 3 3
e 5 4 3
e 6 5 3
e 7 6 3
e 7 0 3
e 3 0 3
t # 222 
v 0 3
v 1 2
v 2 5
v 3 5
v 4 5
v 5 5
v 6 3
v 7 2
v 8 5
v 9 5
e 2 1 2
e 3 1 1
e 4 3 2
e 5 4 1
e 6 5 2
e 7 6 1
e 8 7 2
e 9 6 2
e 9 0 1
e 3 0 2
t # 223 
v 0 6
v 1 5
v 2 5
v 3 5
v 4 5
v 5 5
v 6 5
v 7 3
v 8 3
v 9 5
v 10 5
v 11 5
v 12 2
v 13 5
v 14 2
v 15 3
v 16 5
v 17 5
v 18 5
v 19 5
v 20 5
v 21 5
v 22 5
v 23 5
v 24 5
v 25 5
v 26 3
v 27 3
v 28 5
v 29 5
v 30 5
v 31 2
v 32 5
v 33 2
v 34 3
v 35 5
v 36 5
v 37 5
v 38 5
v 39 5
v 40 5
v 41 5
v 42 6
v 43 5
e 2 1 2
e 3 2 3
e 4 3 3
e 5 4 3
e 6 5 3
e 7 6 3
e 7 2 3
e 8 7 2
e 9 8 1
e 10 9 2
e 11 10 2
e 12 11 2
e 13 11 1
e 14 10 2
e 15 14 1
e 16 14 2
e 17 16 2
e 18 17 3
e 19 18 3
e 20 19 3
e 21 20 3
e 22 21 3
e 22 17 3
e 23 4 2
e 24 23 3
e 25 24 3
e 26 25 3
e 27 26 2
e 28 27 1
e 29 28 2
e 30 29 2
e 31 30 2
e 32 30 1
e 33 29 2
e 34 33 1
e 35 33 2
e 36 35 2
e 37 36 3
e 38 37 3
e 39 38 3
e 40 39 3
e 41 40 3
e 41 36 3
e 42 26 3
e 43 42 2
e 42 0 3
e 23 0 3
t # 224 
v 0 3
v 1 5
v 2 5
v 3 5
v 4 5
v 5 5
v 6 5
v 7 5
v 8 5
v 9 2
v 10 5
v 11 5
v 12 5
v 13 5
v 14 5
v 15 5
v 16 5
v 17 5
v 18 2
v 19 5
v 20 5
v 21 5
v 22 2
v 23 5
e 2 1 2
e 3 1 2
e 4 3 3
e 5 4 3
e 6 5 3
e 7 6 3
e 8 7 3
e 8 3 3
e 9 8 2
e 10 9 1
e 11 9 2
e 12 11 3
e 12 1 2
e 13 12 3
e 14 13 2
e 15 14 1
e 16 15 2
e 17 16 2
e 18 16 2
e 19 16 2
e 20 19 2
e 20 13 3
e 21 20 3
e 22 21 3
e 22 11 3
e 23 22 2
e 23 0 2
t # 225 
v 0 5
v 1 3
v 2 2
v 3 5
v 4 3
v 5 5
v 6 5
v 7 3
v 8 5
e 2 1 2
e 3 1 1
e 4 1 2
e 5 4 3
e 6 5 3
e 7 6 3
e 8 7 3
e 8 0 3
e 4 0 3
t # 226 
v 0 7
v 1 5
v 2 5
v 3 5
v 4 5
v 5 3
v 6 5
v 7 5
v 8 5
v 9 5
v 10 5
v 11 5
v 12 3
v 13 5
v 14 5
e 2 1 2
e 3 2 3
e 4 3 3
e 5 4 3
e 6 5 2
e 7 5 3
e 8 7 3
e 8 2 3
e 9 1 2
e 10 9 3
e 11 10 3
e 12 11 3
e 13 12 2
e 14 12 3
e 14 0 3
e 9 0 3
t # 227 
v 0 5
v 1 3
v 2 7
v 3 5
v 4 5
v 5 5
v 6 3
v 7 5
v 8 5
v 9 5
v 10 5
e 2 1 2
e 3 1 1
e 4 1 2
e 5 4 3
e 6 5 3
e 7 6 3
e 8 7 3
e 9 8 2
e 10 9 2
e 8 0 3
e 4 0 3
t # 228 
v 0 7
v 1 2
v 2 2
v 3 3
v 4 5
v 5 2
v 6 3
v 7 5
v 8 5
v 9 5
v 10 5
v 11 5
v 12 5
v 13 5
v 14 6
v 15 5
v 16 5
e 2 1 1
e 3 1 1
e 4 1 2
e 5 4 2
e 6 5 1
e 7 5 2
e 8 7 2
e 9 8 2
e 10 9 2
e 11 1 2
e 12 11 3
e 13 12 3
e 14 13 3
e 15 14 2
e 16 14 3
e 16 0 3
e 11 0 3
t # 229 
v 0 2
v 1 3
v 2 2
v 3 5
v 4 5
v 5 5
v 6 5
v 7 3
v 8 5
v 9 3
v 10 5
e 2 1 2
e 3 2 1
e 4 2 2
e 5 4 3
e 6 5 3
e 7 6 3
e 8 7 2
e 9 7 3
e 10 9 2
e 9 0 3
e 4 0 3
t # 230 
v 0 5
v 1 5
v 2 5
v 3 6
v 4 5
v 5 5
v 6 6
v 7 5
v 8 2
v 9 5
v 10 5
v 11 5
v 12 5
v 13 5
v 14 5
v 15 3
v 16 2
v 17 2
e 2 1 3
e 3 2 3
e 4 3 2
e 5 3 3
e 6 5 3
e 7 6 2
e 8 6 3
e 8 1 3
e 9 8 2
e 10 9 2
e 11 10 3
e 12 11 3
e 13 12 3
e 14 13 3
e 15 14 3
e 15 10 3
e 16 13 2
e 17 16 1
e 16 0 2
t # 231 
v 0 5
v 1 2
v 2 5
v 3 5
v 4 5
v 5 5
v 6 5
v 7 5
v 8 3
v 9 5
v 10 5
v 11 5
v 12 5
v 13 5
v 14 5
v 15 5
v 16 5
v 17 3
v 18 5
v 19 5
e 2 1 1
e 3 1 2
e 4 3 3
e 5 4 3
e 6 5 3
e 7 6 3
e 8 7 3
e 8 3 3
e 9 6 2
e 10 9 2
e 11 9 2
e 12 1 2
e 13 12 3
e 14 13 3
e 15 14 3
e 16 15 3
e 17 16 3
e 17 12 3
e 18 15 2
e 19 18 2
e 18 0 2
t # 232 
v 0 3
v 1 5
v 2 5
v 3 5
v 4 6
v 5 5
v 6 5
v 7 5
v 8 5
e 2 1 2
e 3 2 3
e 4 3 3
e 5 4 2
e 6 4 3
e 7 6 3
e 8 7 3
e 8 2 3
e 8 0 2
t # 233 
v 0 5
v 1 5
v 2 5
v 3 5
v 4 5
v 5 5
v 6 5
v 7 5
e 2 1 3
e 3 2 3
e 4 3 3
e 5 4 3
e 6 5 3
e 6 1 3
e 7 6 2
e 7 0 1
t # 234 
v 0 5
v 1 5
v 2 5
v 3 5
v 4 5
v 5 5
v 6 5
v 7 3
v 8 5
v 9 5
v 10 5
v 11 5
v 12 5
v 13 5
v 14 5
v 15 5
v 16 3
v 17 5
v 18 5
e 2 1 2
e 3 2 3
e 4 3 3
e 5 4 3
e 6 5 3
e 7 6 3
e 7 2 3
e 8 5 2
e 9 8 2
e 10 8 2
e 11 1 2
e 12 11 3
e 13 12 3
e 14 13 3
e 15 14 3
e 16 15 3
e 16 11 3
e 17 14 2
e 18 17 2
e 17 0 2
t # 235 
v 0 6
v 1 5
v 2 5
v 3 5
v 4 5
v 5 3
v 6 5
v 7 5
e 2 1 2
e 3 2 3
e 4 3 3
e 5 4 3
e 6 5 2
e 7 5 3
e 7 0 3
e 2 0 3
t # 236 
v 0 5
v 1 5
v 2 5
v 3 6
v 4 5
v 5 6
v 6 5
v 7 5
v 8 6
v 9 5
v 10 2
v 11 5
v 12 5
v 13 6
v 14 5
v 15 6
v 16 5
v 17 5
v 18 6
v 19 5
v 20 2
e 2 1 2
e 3 2 3
e 4 3 2
e 5 3 3
e 6 5 2
e 7 5 3
e 8 7 3
e 9 8 2
e 10 8 3
e 10 2 3
e 11 10 2
e 12 1 2
e 13 12 3
e 14 13 2
e 15 13 3
e 16 15 2
e 17 15 3
e 18 17 3
e 19 18 2
e 20 18 3
e 20 12 3
e 20 0 2
t # 237 
v 0 5
v 1 6
v 2 5
v 3 6
v 4 5
v 5 6
v 6 5
v 7 5
v 8 3
v 9 5
v 10 6
v 11 5
v 12 5
v 13 3
e 2 1 2
e 3 1 3
e 4 3 2
e 5 3 3
e 6 5 2
e 7 5 3
e 8 7 2
e 9 8 0
e 10 7 3
e 11 10 2
e 12 10 3
e 12 1 3
e 13 12 2
e 13 0 0
t # 238 
v 0 1
v 1 2
v 2 2
v 3 5
v 4 2
v 5 5
v 6 2
v 7 5
v 8 5
v 9 6
v 10 6
e 2 1 1
e 3 1 2
e 4 3 2
e 5 1 2
e 6 5 2
e 7 1 2
e 8 7 2
e 9 8 1
e 10 9 2
e 9 0 2
t # 239 
v 0 5
v 1 6
v 2 5
v 3 6
v 4 5
v 5 6
v 6 5
v 7 6
v 8 5
v 9 6
v 10 6
v 11 5
v 12 5
v 13 5
v 14 5
v 15 5
v 16 5
v 17 2
v 18 5
e 2 1 2
e 3 1 2
e 4 3 2
e 5 3 1
e 6 5 2
e 7 5 2
e 8 7 2
e 9 7 2
e 9 1 2
e 10 9 2
e 11 9 2
e 12 7 2
e 13 12 2
e 13 1 2
e 14 13 2
e 15 14 2
e 16 15 2
e 16 12 2
e 17 16 2
e 18 17 2
e 18 0 2
e 14 0 2
e 17 0 2
t # 240 
v 0 5
v 1 5
v 2 3
v 3 5
v 4 5
v 5 2
v 6 2
v 7 5
v 8 5
v 9 2
v 10 2
v 11 4
v 12 3
v 13 5
v 14 5
v 15 2
v 16 2
v 17 4
v 18 5
v 19 5
v 20 2
v 21 2
v 22 4
e 2 1 2
e 3 2 2
e 4 3 2
e 5 4 2
e 6 5 1
e 7 5 2
e 8 3 2
e 9 8 2
e 10 9 1
e 11 9 2
e 12 11 2
e 13 1 2
e 14 13 2
e 15 14 2
e 16 15 1
e 17 15 2
e 18 17 2
e 19 13 2
e 20 19 2
e 21 20 1
e 22 20 2
e 22 0 2
t # 241 
v 0 5
v 1 6
v 2 5
v 3 6
v 4 5
v 5 6
v 6 5
v 7 6
v 8 5
v 9 6
v 10 5
v 11 6
e 2 1 2
e 3 1 2
e 4 3 2
e 5 3 2
e 6 5 2
e 7 5 2
e 8 7 2
e 9 7 2
e 10 9 2
e 11 9 2
e 11 1 2
e 11 0 2
t # 242 
v 0 5
v 1 5
v 2 5
v 3 5
v 4 5
v 5 5
v 6 5
v 7 5
v 8 2
v 9 5
e 2 1 2
e 3 2 2
e 4 2 2
e 5 4 2
e 6 5 2
e 7 5 1
e 8 7 2
e 9 8 1
e 8 0 2
e 2 0 2
t # 243 
v 0 7
v 1 3
v 2 5
v 3 2
v 4 5
v 5 5
v 6 5
v 7 5
v 8 5
v 9 5
v 10 5
v 11 2
v 12 5
v 13 6
v 14 6
v 15 6
e 2 1 2
e 3 2 2
e 4 3 1
e 5 3 2
e 6 5 2
e 7 6 2
e 8 7 1
e 9 8 2
e 10 9 2
e 10 5 2
e 11 10 2
e 11 2 2
e 12 11 1
e 13 1 2
e 14 13 2
e 15 13 2
e 13 0 2
t # 244 
v 0 5
v 1 5
v 2 5
v 3 3
v 4 5
v 5 5
v 6 2
v 7 5
v 8 5
v 9 5
v 10 3
v 11 5
v 12 5
v 13 2
v 14 5
v 15 5
v 16 2
v 17 3
v 18 2
v 19 2
e 2 1 3
e 3 2 3
e 4 3 2
e 5 4 2
e 6 5 2
e 7 6 2
e 8 3 3
e 9 8 3
e 10 9 3
e 10 1 3
e 11 10 2
e 12 11 2
e 13 12 2
e 14 13 2
e 15 11 2
e 16 15 2
e 17 16 2
e 18 8 2
e 19 18 1
e 18 0 2
t # 245 
v 0 5
v 1 5
v 2 5
v 3 2
v 4 5
v 5 5
v 6 5
v 7 5
v 8 5
v 9 5
v 10 3
v 11 5
v 12 5
v 13 5
v 14 5
v 15 5
v 16 3
v 17 5
v 18 5
v 19 5
v 20 5
v 21 2
v 22 5
v 23 2
v 24 5
v 25 5
v 26 5
v 27 2
v 28 5
v 29 5
v 30 2
v 31 5
v 32 5
v 33 2
v 34 5
v 35 5
v 36 5
v 37 2
v 38 5
v 39 5
v 40 5
v 41 2
v 42 2
v 43 5
e 2 1 3
e 3 2 3
e 4 3 2
e 5 4 2
e 6 3 3
e 7 6 3
e 8 7 3
e 8 1 3
e 9 8 3
e 10 9 3
e 11 10 3
e 11 1 3
e 12 10 2
e 13 12 2
e 14 13 2
e 15 14 2
e 16 15 2
e 17 16 2
e 17 12 2
e 18 17 2
e 19 18 2
e 19 9 2
e 20 15 2
e 21 20 2
e 22 21 2
e 23 22 2
e 24 23 1
e 25 23 2
e 26 25 3
e 27 26 3
e 28 27 2
e 29 28 2
e 30 27 3
e 31 30 2
e 32 31 2
e 33 30 3
e 34 33 2
e 35 34 2
e 36 33 3
e 36 25 3
e 37 21 2
e 38 37 2
e 39 38 2
e 40 37 2
e 40 14 2
e 41 40 2
e 42 41 1
e 43 41 2
e 43 0 2
t # 246 
v 0 5
v 1 5
v 2 5
v 3 2
v 4 2
v 5 5
v 6 5
v 7 7
v 8 1
v 9 7
v 10 2
v 11 5
v 12 2
v 13 5
v 14 5
v 15 2
v 16 2
v 17 5
v 18 5
e 2 1 2
e 3 2 2
e 4 3 1
e 5 3 2
e 6 5 2
e 7 6 2
e 8 1 2
e 9 8 2
e 10 9 1
e 11 9 2
e 12 11 2
e 13 9 2
e 14 13 2
e 15 1 2
e 16 15 1
e 17 15 2
e 18 17 2
e 18 0 2
t # 247 
v 0 5
v 1 6
v 2 5
v 3 6
v 4 5
v 5 6
v 6 5
v 7 5
v 8 5
v 9 5
v 10 5
v 11 2
v 12 5
v 13 5
v 14 5
v 15 6
v 16 5
v 17 6
v 18 6
e 2 1 2
e 3 1 2
e 4 3 2
e 5 3 2
e 6 5 2
e 7 5 2
e 8 7 2
e 9 8 2
e 9 1 2
e 10 9 2
e 11 10 2
e 12 11 2
e 13 12 2
e 13 8 2
e 13 11 2
e 14 10 2
e 14 7 2
e 15 14 2
e 15 1 2
e 16 15 2
e 17 15 2
e 17 5 2
e 18 17 2
e 17 0 2
t # 248 
v 0 2
v 1 5
v 2 3
v 3 5
v 4 5
v 5 5
v 6 5
v 7 5
v 8 5
v 9 5
v 10 9
v 11 9
v 12 9
v 13 3
v 14 5
v 15 5
e 2 1 1
e 3 2 2
e 4 3 2
e 5 4 3
e 6 5 3
e 7 6 3
e 8 7 3
e 9 8 3
e 9 4 3
e 10 8 2
e 11 10 2
e 12 10 2
e 13 10 2
e 14 2 2
e 15 14 2
e 14 0 2
t # 249 
v 0 5
v 1 2
v 2 3
v 3 5
v 4 5
v 5 5
v 6 5
v 7 5
v 8 5
v 9 5
v 10 5
v 11 3
v 12 3
v 13 5
v 14 5
v 15 5
e 2 1 1
e 3 1 2
e 4 3 2
e 5 4 2
e 6 4 2
e 7 1 2
e 8 7 3
e 9 8 3
e 10 9 3
e 11 10 2
e 12 11 2
e 13 12 2
e 14 13 2
e 15 10 3
e 15 0 3
e 7 0 3
t # 250 
v 0 2
v 1 5
v 2 5
v 3 5
v 4 6
v 5 5
v 6 5
v 7 5
v 8 6
e 2 1 2
e 3 2 2
e 4 2 2
e 5 4 2
e 6 1 2
e 7 6 2
e 8 6 2
e 8 0 2
t # 251 
v 0 3
v 1 5
v 2 5
v 3 5
v 4 5
v 5 5
v 6 5
v 7 5
v 8 5
v 9 5
v 10 5
v 11 3
v 12 2
v 13 5
v 14 5
e 2 1 2
e 3 2 3
e 4 3 3
e 5 4 3
e 6 5 3
e 7 6 3
e 7 2 3
e 8 1 2
e 9 8 3
e 10 9 3
e 11 10 3
e 12 11 2
e 13 12 1
e 14 11 3
e 14 0 3
e 8 0 3
t # 252 
v 0 5
v 1 5
v 2 5
v 3 5
v 4 5
v 5 5
v 6 5
v 7 5
v 8 5
v 9 2
v 10 5
v 11 2
v 12 5
v 13 5
v 14 5
v 15 5
v 16 5
v 17 5
v 18 3
e 2 1 3
e 3 2 3
e 4 3 3
e 5 4 3
e 6 5 3
e 6 1 3
e 7 5 2
e 8 7 1
e 9 8 2
e 10 9 2
e 11 10 2
e 12 11 1
e 13 11 2
e 14 13 3
e 15 14 3
e 16 15 3
e 17 16 3
e 18 17 3
e 18 13 3
e 18 0 2
t # 253 
v 0 1
v 1 2
v 2 2
v 3 5
v 4 2
v 5 5
v 6 3
v 7 5
v 8 5
v 9 2
v 10 5
v 11 5
e 2 1 1
e 3 1 2
e 4 3 2
e 5 1 2
e 6 5 2
e 7 1 2
e 8 7 2
e 9 8 2
e 10 9 2
e 11 10 2
e 11 0 2
e 7 0 2
t # 254 
v 0 2
v 1 5
v 2 5
v 3 5
v 4 3
v 5 5
v 6 5
v 7 5
v 8 3
v 9 5
v 10 5
v 11 2
v 12 5
v 13 5
v 14 3
v 15 5
v 16 5
v 17 5
v 18 3
v 19 5
e 2 1 1
e 3 2 2
e 4 3 3
e 5 4 2
e 6 4 3
e 7 6 3
e 8 7 3
e 9 8 2
e 10 8 3
e 10 3 3
e 11 10 2
e 12 11 1
e 13 11 2
e 14 13 3
e 15 14 2
e 16 14 3
e 17 16 3
e 18 17 3
e 19 18 2
e 18 0 3
e 2 0 2
e 13 0 3
t # 255 
v 0 5
v 1 6
v 2 5
v 3 6
v 4 5
v 5 6
v 6 5
v 7 6
v 8 5
v 9 6
v 10 6
v 11 5
v 12 5
v 13 5
v 14 5
v 15 5
v 16 5
v 17 2
v 18 5
e 2 1 2
e 3 1 2
e 4 3 2
e 5 3 1
e 6 5 2
e 7 5 2
e 8 7 2
e 9 7 2
e 9 1 2
e 10 9 2
e 11 9 2
e 12 7 2
e 13 12 2
e 13 1 2
e 14 13 2
e 15 14 2
e 16 15 2
e 16 12 2
e 17 16 2
e 18 17 2
e 18 0 2
e 14 0 2
e 17 0 2
t # 256 
v 0 7
v 1 2
v 2 2
v 3 5
v 4 5
v 5 5
v 6 5
v 7 3
v 8 5
v 9 5
v 10 5
v 11 5
v 12 5
v 13 5
v 14 3
v 15 5
v 16 5
e 2 1 1
e 3 1 1
e 4 1 2
e 5 4 3
e 6 5 3
e 7 6 3
e 8 7 2
e 9 7 3
e 10 9 3
e 10 4 3
e 11 1 2
e 12 11 3
e 13 12 3
e 14 13 3
e 15 14 2
e 16 14 3
e 16 0 3
e 11 0 3
t # 257 
v 0 5
v 1 6
v 2 6
v 3 5
v 4 6
v 5 6
e 2 1 2
e 3 1 2
e 4 1 2
e 5 4 2
e 4 0 2
t # 258 
v 0 5
v 1 5
v 2 5
v 3 6
v 4 5
v 5 5
v 6 6
v 7 5
v 8 2
v 9 5
v 10 5
v 11 5
v 12 5
v 13 5
v 14 5
v 15 3
v 16 2
v 17 2
e 2 1 3
e 3 2 3
e 4 3 2
e 5 3 3
e 6 5 3
e 7 6 2
e 8 6 3
e 8 1 3
e 9 8 2
e 10 9 2
e 11 10 3
e 12 11 3
e 13 12 3
e 14 13 3
e 15 14 3
e 15 10 3
e 16 13 2
e 17 16 1
e 16 0 2
t # 259 
v 0 5
v 1 5
v 2 6
v 3 5
v 4 5
v 5 3
v 6 5
v 7 6
v 8 5
v 9 5
v 10 2
v 11 2
e 2 1 3
e 3 2 2
e 4 2 3
e 5 4 3
e 6 5 2
e 7 5 3
e 8 7 2
e 9 7 3
e 9 1 3
e 10 9 2
e 11 10 1
e 10 0 2
t # 260 
v 0 5
v 1 5
v 2 5
v 3 2
v 4 2
v 5 5
v 6 5
v 7 7
v 8 1
v 9 7
v 10 2
v 11 5
v 12 2
v 13 5
v 14 5
v 15 2
v 16 2
v 17 5
v 18 5
e 2 1 2
e 3 2 2
e 4 3 1
e 5 3 2
e 6 5 2
e 7 6 2
e 8 1 2
e 9 8 2
e 10 9 1
e 11 9 2
e 12 11 2
e 13 9 2
e 14 13 2
e 15 1 2
e 16 15 1
e 17 15 2
e 18 17 2
e 18 0 2
t # 261 
v 0 2
v 1 3
v 2 2
v 3 5
v 4 5
v 5 5
v 6 5
v 7 5
v 8 5
v 9 5
v 10 2
v 11 5
v 12 5
v 13 5
v 14 5
v 15 5
v 16 5
v 17 5
v 18 2
v 19 5
e 2 1 2
e 3 2 1
e 4 2 2
e 5 4 3
e 6 5 2
e 7 5 3
e 8 7 3
e 9 8 3
e 10 9 2
e 11 10 1
e 12 10 2
e 13 12 3
e 14 13 3
e 15 14 3
e 16 15 3
e 17 16 3
e 17 12 3
e 18 17 2
e 19 18 1
e 18 0 2
e 4 0 3
e 9 0 3
t # 262 
v 0 5
v 1 8
v 2 5
v 3 8
v 4 5
v 5 6
e 2 1 2
e 3 1 2
e 4 3 2
e 5 1 2
e 5 0 2
t # 263 
v 0 5
v 1 5
v 2 5
v 3 5
v 4 5
v 5 5
v 6 3
v 7 5
v 8 3
v 9 5
v 10 5
v 11 2
v 12 5
v 13 5
v 14 2
v 15 3
v 16 2
v 17 2
e 2 1 3
e 3 2 3
e 4 3 3
e 5 4 3
e 6 5 3
e 6 1 3
e 7 6 2
e 8 7 2
e 9 3 2
e 10 9 2
e 11 10 2
e 12 11 2
e 13 9 2
e 14 13 2
e 15 14 2
e 16 1 2
e 17 16 1
e 16 0 2
t # 264 
v 0 5
v 1 5
v 2 5
e 2 1 1
e 2 0 2
t # 265 
v 0 1
v 1 2
v 2 2
v 3 5
v 4 5
v 5 8
v 6 5
v 7 8
v 8 2
v 9 5
v 10 5
v 11 8
v 12 5
v 13 8
v 14 2
v 15 5
v 16 5
v 17 8
v 18 5
v 19 8
e 2 1 1
e 3 1 2
e 4 3 2
e 5 4 2
e 6 5 2
e 7 5 2
e 8 7 2
e 9 1 2
e 10 9 2
e 11 10 2
e 12 11 2
e 13 11 2
e 14 13 2
e 15 1 2
e 16 15 2
e 17 16 2
e 18 17 2
e 19 17 2
e 19 0 2
t # 266 
v 0 5
v 1 5
v 2 5
v 3 3
v 4 5
v 5 3
v 6 3
v 7 5
v 8 3
v 9 5
v 10 5
v 11 5
v 12 5
v 13 5
v 14 6
v 15 5
v 16 5
e 2 1 2
e 3 1 2
e 4 3 3
e 5 4 3
e 6 5 2
e 7 5 3
e 8 7 3
e 9 8 2
e 10 8 3
e 10 3 3
e 11 10 2
e 12 11 3
e 13 12 3
e 14 13 3
e 15 14 2
e 16 14 3
e 16 0 3
e 11 0 3
t # 267 
v 0 5
v 1 5
v 2 5
v 3 3
v 4 5
v 5 5
v 6 2
v 7 3
v 8 5
v 9 2
v 10 5
v 11 3
v 12 5
v 13 5
v 14 2
v 15 3
v 16 5
v 17 2
v 18 5
e 2 1 2
e 3 2 2
e 4 2 2
e 5 4 2
e 6 5 2
e 7 6 1
e 8 6 2
e 9 8 2
e 10 9 1
e 11 9 2
e 11 4 2
e 12 1 2
e 13 12 2
e 14 13 2
e 15 14 1
e 16 14 2
e 17 16 2
e 18 17 1
e 17 0 2
e 12 0 2
t # 268 
v 0 15
v 1 2
v 2 5
v 3 5
v 4 5
v 5 5
v 6 5
v 7 5
v 8 5
v 9 5
v 10 5
v 11 5
v 12 5
v 13 5
v 14 5
v 15 5
v 16 5
v 17 5
v 18 5
v 19 5
e 2 1 2
e 3 1 2
e 4 3 3
e 5 4 3
e 6 5 3
e 7 6 3
e 8 7 3
e 8 3 3
e 9 1 2
e 10 9 3
e 11 10 3
e 12 11 3
e 13 12 3
e 14 13 3
e 14 9 3
e 15 1 2
e 16 15 3
e 17 16 3
e 18 17 3
e 19 18 3
e 19 0 3
e 15 0 3
t # 269 
v 0 5
v 1 5
v 2 5
v 3 5
v 4 5
v 5 5
v 6 5
v 7 3
v 8 5
v 9 5
v 10 6
v 11 5
v 12 5
v 13 5
v 14 2
v 15 5
v 16 5
v 17 5
v 18 5
v 19 5
v 20 5
e 2 1 2
e 3 2 3
e 4 3 3
e 5 4 3
e 6 5 3
e 7 6 3
e 7 2 3
e 8 1 2
e 9 8 2
e 10 9 2
e 11 10 2
e 12 8 2
e 13 12 2
e 14 12 2
e 15 14 2
e 16 15 2
e 17 16 3
e 18 17 3
e 19 18 3
e 20 19 3
e 20 0 3
e 16 0 3
t # 270 
v 0 3
v 1 5
v 2 5
v 3 5
v 4 5
v 5 5
v 6 5
v 7 5
v 8 5
e 2 1 2
e 3 2 3
e 4 3 2
e 5 3 3
e 6 5 3
e 7 6 3
e 8 7 3
e 8 2 3
e 8 0 2
t # 271 
v 0 7
v 1 2
v 2 2
v 3 3
v 4 5
v 5 5
v 6 5
v 7 5
v 8 5
v 9 3
v 10 2
v 11 5
v 12 5
v 13 5
v 14 5
v 15 3
v 16 5
v 17 5
e 2 1 1
e 3 1 1
e 4 1 2
e 5 4 2
e 6 5 3
e 7 6 2
e 8 6 3
e 9 8 2
e 10 8 3
e 11 10 3
e 11 5 3
e 12 1 2
e 13 12 3
e 14 13 3
e 15 14 3
e 16 15 2
e 17 15 3
e 17 0 3
e 12 0 3
t # 272 
v 0 2
v 1 5
v 2 2
v 3 5
v 4 3
v 5 5
v 6 5
v 7 5
v 8 3
v 9 5
v 10 5
v 11 5
v 12 5
v 13 5
v 14 5
e 2 1 1
e 3 2 2
e 4 2 2
e 5 4 2
e 6 4 2
e 7 6 2
e 8 7 3
e 9 8 3
e 10 9 3
e 11 10 3
e 12 11 3
e 13 12 3
e 14 13 3
e 14 0 3
e 7 0 3
e 10 0 3
t # 273 
v 0 6
v 1 5
v 2 6
v 3 5
v 4 6
e 2 1 2
e 3 2 2
e 4 2 2
e 4 0 2
t # 274 
v 0 5
v 1 5
v 2 5
v 3 6
e 2 1 1
e 3 1 2
e 3 0 2
t # 275 
v 0 1
v 1 2
v 2 2
v 3 5
v 4 5
v 5 5
v 6 5
v 7 5
v 8 5
v 9 5
v 10 5
v 11 2
v 12 5
v 13 5
v 14 5
v 15 5
v 16 5
v 17 5
v 18 5
v 19 5
v 20 2
v 21 5
v 22 5
v 23 5
v 24 5
v 25 5
v 26 5
v 27 5
v 28 5
e 2 1 1
e 3 1 2
e 4 3 2
e 5 4 2
e 6 5 2
e 7 6 2
e 8 5 2
e 9 8 2
e 10 9 2
e 11 10 2
e 12 1 2
e 13 12 2
e 14 13 2
e 15 14 2
e 16 15 2
e 17 14 2
e 18 17 2
e 19 18 2
e 20 19 2
e 21 1 2
e 22 21 2
e 23 22 2
e 24 23 2
e 25 24 2
e 26 23 2
e 27 26 2
e 28 27 2
e 28 0 2
t # 276 
v 0 5
v 1 5
v 2 5
v 3 2
v 4 5
v 5 3
v 6 5
v 7 5
v 8 5
v 9 5
v 10 5
e 2 1 3
e 3 2 3
e 4 3 2
e 5 3 3
e 6 5 3
e 7 6 3
e 8 7 3
e 9 8 3
e 10 9 3
e 10 5 3
e 10 0 3
e 1 0 3
t # 277 
v 0 5
v 1 6
v 2 5
v 3 2
e 2 1 2
e 3 1 2
e 3 0 2
t # 278 
v 0 5
v 1 5
v 2 5
v 3 5
v 4 5
v 5 5
v 6 3
e 2 1 3
e 3 2 3
e 4 3 3
e 5 4 3
e 6 5 3
e 6 1 3
e 6 0 2
t # 279 
v 0 5
v 1 5
v 2 5
v 3 5
v 4 5
v 5 2
v 6 5
v 7 5
v 8 5
v 9 3
v 10 2
v 11 2
v 12 3
v 13 5
v 14 2
v 15 5
e 2 1 3
e 3 2 3
e 4 3 3
e 5 4 3
e 6 5 2
e 7 6 2
e 8 7 2
e 9 5 3
e 9 1 3
e 10 9 2
e 11 10 1
e 12 10 2
e 13 2 2
e 14 13 2
e 15 14 1
e 14 0 2
t # 280 
v 0 3
v 1 3
v 2 5
v 3 3
v 4 7
v 5 5
v 6 3
v 7 7
e 2 1 2
e 3 2 2
e 4 3 2
e 5 3 1
e 6 1 2
e 7 6 2
e 6 0 1
t # 281 
v 0 5
v 1 5
v 2 5
v 3 2
v 4 2
v 5 5
v 6 5
v 7 7
v 8 1
v 9 2
v 10 2
v 11 5
v 12 2
v 13 5
v 14 5
v 15 2
v 16 2
v 17 5
v 18 5
e 2 1 2
e 3 2 2
e 4 3 1
e 5 3 2
e 6 5 2
e 7 6 2
e 8 1 2
e 9 8 2
e 10 9 1
e 11 9 2
e 12 11 2
e 13 9 2
e 14 13 2
e 15 1 2
e 16 15 1
e 17 15 2
e 18 17 2
e 18 0 2
t # 282 
v 0 2
v 1 5
v 2 2
v 3 5
v 4 3
v 5 5
v 6 5
v 7 2
v 8 2
v 9 5
v 10 5
v 11 2
v 12 2
e 2 1 2
e 3 2 1
e 4 2 2
e 5 4 2
e 6 5 2
e 7 6 2
e 8 7 2
e 9 7 1
e 10 5 2
e 11 10 2
e 12 11 2
e 11 0 1
t # 283 
v 0 2
v 1 5
v 2 5
v 3 5
v 4 5
v 5 5
v 6 5
v 7 5
v 8 5
v 9 5
v 10 5
v 11 5
v 12 5
v 13 2
v 14 5
v 15 5
v 16 5
v 17 5
v 18 5
v 19 5
v 20 5
v 21 5
v 22 5
v 23 5
v 24 5
v 25 5
e 2 1 1
e 3 2 2
e 4 3 3
e 5 4 3
e 6 5 3
e 7 6 3
e 8 7 3
e 8 3 3
e 9 8 2
e 10 9 3
e 11 10 3
e 12 11 3
e 13 12 2
e 14 13 1
e 15 13 2
e 16 15 3
e 17 16 3
e 18 17 3
e 19 18 3
e 20 19 3
e 20 15 3
e 21 20 2
e 22 21 3
e 23 22 3
e 24 23 3
e 24 2 2
e 25 24 3
e 25 9 3
e 25 0 3
e 12 0 3
e 21 0 3
t # 284 
v 0 2
v 1 5
v 2 5
v 3 5
v 4 5
v 5 3
v 6 5
v 7 3
v 8 5
v 9 5
v 10 5
v 11 1
v 12 7
v 13 2
v 14 5
v 15 5
v 16 2
v 17 5
v 18 5
e 2 1 2
e 3 2 3
e 4 3 3
e 5 4 2
e 6 4 3
e 7 6 3
e 8 7 3
e 8 2 3
e 9 7 2
e 10 9 2
e 11 9 2
e 12 1 2
e 13 12 1
e 14 12 2
e 15 14 2
e 16 15 2
e 17 12 2
e 18 17 2
e 18 0 2
t # 285 
v 0 5
v 1 5
v 2 5
v 3 7
v 4 5
v 5 5
v 6 3
v 7 2
v 8 5
v 9 2
v 10 3
v 11 5
e 2 1 2
e 3 1 2
e 4 1 2
e 5 4 2
e 6 1 2
e 7 6 1
e 8 7 2
e 9 8 2
e 10 9 1
e 11 9 2
e 11 0 2
t # 286 
v 0 2
v 1 5
v 2 5
v 3 5
v 4 5
v 5 5
v 6 2
e 2 1 2
e 3 2 2
e 4 3 2
e 5 3 2
e 6 3 2
e 6 1 2
e 6 0 1
t # 287 
v 0 6
v 1 5
v 2 8
v 3 8
e 2 1 2
e 3 2 2
e 2 0 2
t # 288 
v 0 5
v 1 5
v 2 5
v 3 3
v 4 5
v 5 5
v 6 2
v 7 5
v 8 5
v 9 5
v 10 3
v 11 3
v 12 2
v 13 2
e 2 1 3
e 3 2 3
e 4 3 2
e 5 4 2
e 6 5 2
e 7 6 2
e 8 3 3
e 9 8 3
e 10 9 3
e 10 1 3
e 11 10 2
e 12 8 2
e 13 12 1
e 12 0 2
t # 289 
v 0 5
v 1 5
v 2 5
v 3 5
v 4 5
v 5 5
v 6 3
v 7 2
v 8 5
e 2 1 3
e 3 2 3
e 4 3 3
e 5 4 3
e 6 5 3
e 6 1 3
e 7 6 2
e 8 5 2
e 8 0 2
t # 290 
v 0 5
v 1 8
v 2 5
v 3 8
e 2 1 2
e 3 1 2
e 3 0 2
t # 291 
v 0 5
v 1 5
v 2 5
v 3 6
v 4 5
v 5 3
v 6 5
v 7 5
v 8 3
e 2 1 3
e 3 2 3
e 4 3 2
e 5 3 3
e 6 5 2
e 7 5 3
e 8 7 3
e 8 1 3
e 8 0 2
t # 292 
v 0 5
v 1 5
v 2 5
v 3 2
v 4 5
v 5 5
v 6 3
v 7 5
v 8 5
v 9 3
e 2 1 3
e 3 2 3
e 4 3 2
e 5 4 2
e 6 3 3
e 7 6 2
e 8 6 3
e 9 8 3
e 9 1 3
e 9 0 2
t # 293 
v 0 5
v 1 3
v 2 5
v 3 3
v 4 5
v 5 2
v 6 5
v 7 5
v 8 5
v 9 2
v 10 2
e 2 1 2
e 3 2 2
e 4 2 2
e 5 4 2
e 6 5 1
e 7 5 2
e 8 7 2
e 9 8 2
e 10 9 2
e 9 0 1
t # 294 
v 0 5
v 1 5
v 2 5
v 3 5
v 4 5
v 5 5
e 2 1 3
e 3 2 3
e 4 3 3
e 5 4 3
e 5 0 3
e 1 0 3
t # 295 
v 0 5
v 1 7
v 2 3
v 3 5
v 4 5
v 5 3
v 6 5
v 7 5
e 2 1 1
e 3 1 2
e 4 3 2
e 5 4 2
e 6 1 2
e 7 6 2
e 7 0 2
t # 296 
v 0 3
v 1 5
v 2 5
v 3 5
v 4 5
v 5 5
v 6 5
v 7 5
v 8 5
v 9 5
v 10 5
v 11 3
v 12 5
v 13 5
e 2 1 2
e 3 2 3
e 4 3 3
e 5 4 3
e 6 5 3
e 7 6 3
e 7 2 3
e 8 1 2
e 9 8 3
e 10 9 3
e 11 10 3
e 12 11 2
e 13 11 3
e 13 0 3
e 8 0 3
t # 297 
v 0 1
v 1 2
v 2 2
v 3 5
v 4 2
v 5 5
v 6 2
v 7 5
e 2 1 1
e 3 1 2
e 4 3 2
e 5 1 2
e 6 5 2
e 7 1 2
e 7 0 2
t # 298 
v 0 5
v 1 5
v 2 2
v 3 5
v 4 5
v 5 2
e 2 1 2
e 3 2 2
e 4 3 2
e 5 4 2
e 5 0 2
e 1 0 2
t # 299 
v 0 5
v 1 5
v 2 5
v 3 5
v 4 5
v 5 3
v 6 5
v 7 5
v 8 5
v 9 5
v 10 5
v 11 5
v 12 3
v 13 5
v 14 5
v 15 5
v 16 5
v 17 5
v 18 5
v 19 3
v 20 5
v 21 5
e 2 1 1
e 3 2 2
e 4 3 1
e 5 4 2
e 6 5 1
e 7 5 2
e 8 7 1
e 8 2 2
e 9 1 2
e 10 9 3
e 11 10 3
e 12 11 3
e 13 12 2
e 14 12 3
e 15 14 3
e 15 9 3
e 16 1 2
e 17 16 3
e 18 17 3
e 19 18 3
e 20 19 2
e 21 19 3
e 21 0 3
e 16 0 3
t # 300 
v 0 3
v 1 5
v 2 5
v 3 5
v 4 5
v 5 5
v 6 5
v 7 3
v 8 5
v 9 5
v 10 5
v 11 5
e 2 1 2
e 3 2 3
e 4 3 3
e 5 4 3
e 6 5 3
e 7 6 3
e 8 7 2
e 9 7 3
e 10 9 3
e 11 10 3
e 11 0 3
e 2 0 3
e 6 0 3
t # 301 
v 0 2
v 1 5
v 2 5
v 3 5
v 4 5
v 5 5
v 6 5
v 7 5
v 8 5
v 9 3
e 2 1 2
e 3 1 2
e 4 3 3
e 5 4 3
e 6 5 3
e 7 6 2
e 8 6 3
e 9 8 3
e 9 3 3
e 9 0 2
t # 302 
v 0 2
v 1 5
v 2 5
v 3 5
v 4 5
v 5 3
v 6 3
v 7 5
v 8 5
v 9 5
v 10 5
v 11 5
v 12 5
e 2 1 1
e 3 2 2
e 4 3 2
e 5 4 2
e 6 4 1
e 7 6 2
e 7 2 2
e 8 7 2
e 9 8 3
e 10 9 3
e 11 10 3
e 12 11 3
e 12 0 3
e 8 0 3
t # 303 
v 0 3
v 1 5
v 2 3
v 3 7
v 4 5
v 5 5
v 6 5
v 7 5
v 8 5
v 9 5
e 2 1 2
e 3 2 2
e 4 2 1
e 5 1 2
e 6 5 3
e 7 6 3
e 8 7 3
e 9 8 3
e 9 0 3
e 5 0 3
t # 304 
v 0 2
v 1 5
v 2 3
v 3 5
v 4 2
v 5 5
v 6 5
v 7 5
v 8 5
v 9 5
v 10 3
v 11 5
v 12 5
v 13 5
v 14 5
v 15 5
e 2 1 1
e 3 2 2
e 4 3 2
e 5 2 2
e 6 5 2
e 7 6 3
e 8 7 3
e 9 8 2
e 10 8 3
e 11 10 2
e 12 11 2
e 13 11 2
e 14 10 3
e 15 14 2
e 14 0 3
e 6 0 3
t # 305 
v 0 5
v 1 5
v 2 7
v 3 5
v 4 3
v 5 3
v 6 5
v 7 2
v 8 3
v 9 5
v 10 5
v 11 3
v 12 2
v 13 2
e 2 1 3
e 3 2 3
e 4 3 3
e 5 4 3
e 5 1 3
e 6 4 2
e 7 6 2
e 8 7 1
e 9 7 2
e 10 9 2
e 11 10 2
e 12 2 2
e 13 12 1
e 12 0 2
t # 306 
v 0 5
v 1 5
v 2 5
v 3 5
v 4 5
v 5 6
v 6 5
v 7 5
v 8 3
e 2 1 3
e 3 2 3
e 4 3 2
e 5 3 3
e 6 5 2
e 7 5 3
e 8 7 3
e 8 1 3
e 8 0 2
t # 307 
v 0 5
v 1 5
v 2 5
v 3 5
v 4 5
v 5 5
v 6 5
v 7 5
v 8 5
v 9 5
v 10 5
v 11 2
v 12 5
v 13 5
v 14 5
v 15 5
e 2 1 2
e 3 1 2
e 4 1 2
e 5 1 2
e 6 5 3
e 7 6 3
e 8 7 2
e 9 7 3
e 10 9 3
e 11 10 3
e 11 5 3
e 12 11 2
e 13 10 2
e 14 13 2
e 15 13 2
e 13 0 2
t # 308 
v 0 3
v 1 5
v 2 5
v 3 5
v 4 7
v 5 7
v 6 16
v 7 7
v 8 5
v 9 7
v 10 3
v 11 5
v 12 5
e 2 1 2
e 3 1 2
e 4 1 2
e 5 4 1
e 6 4 2
e 7 6 2
e 8 7 2
e 9 8 2
e 10 9 1
e 11 9 2
e 12 11 2
e 11 0 2
t # 309 
v 0 2
v 1 3
v 2 2
v 3 5
v 4 5
v 5 3
v 6 5
v 7 3
v 8 7
e 2 1 2
e 3 2 1
e 4 2 2
e 5 4 3
e 6 5 3
e 7 6 3
e 8 7 2
e 7 0 3
e 4 0 3
t # 310 
v 0 2
v 1 3
v 2 2
v 3 5
v 4 5
v 5 5
v 6 5
v 7 5
v 8 5
v 9 5
v 10 3
v 11 2
v 12 2
e 2 1 2
e 3 2 1
e 4 2 2
e 5 4 3
e 6 5 3
e 7 6 3
e 8 7 3
e 9 8 3
e 9 4 3
e 10 9 2
e 11 6 2
e 12 11 1
e 11 0 2
t # 311 
v 0 6
v 1 5
v 2 5
v 3 6
e 2 1 2
e 3 2 2
e 3 0 2
t # 312 
v 0 3
v 1 5
v 2 7
v 3 3
v 4 5
v 5 5
v 6 5
v 7 5
v 8 5
v 9 5
v 10 5
v 11 5
v 12 5
v 13 5
v 14 5
v 15 5
e 2 1 2
e 3 2 1
e 4 2 2
e 5 4 2
e 6 5 2
e 7 6 2
e 8 7 2
e 9 8 2
e 10 9 2
e 10 5 2
e 11 1 2
e 12 11 2
e 13 12 2
e 14 13 2
e 15 14 2
e 15 0 2
e 11 0 2
t # 313 
v 0 3
v 1 5
v 2 3
v 3 3
v 4 5
v 5 5
v 6 5
v 7 7
v 8 3
v 9 5
v 10 3
v 11 5
v 12 5
v 13 5
v 14 2
v 15 5
v 16 5
v 17 2
v 18 2
e 2 1 3
e 3 2 2
e 4 2 3
e 5 4 3
e 6 5 3
e 7 6 3
e 7 1 3
e 8 7 2
e 9 6 3
e 10 9 3
e 11 10 3
e 11 5 3
e 12 11 2
e 13 12 2
e 14 13 2
e 15 14 2
e 16 14 2
e 17 16 2
e 18 17 2
e 16 0 2
e 12 0 2
t # 314 
v 0 1
v 1 7
v 2 3
v 3 5
v 4 5
v 5 3
v 6 5
v 7 5
v 8 3
v 9 5
v 10 5
e 2 1 1
e 3 1 2
e 4 3 2
e 5 4 2
e 5 3 2
e 6 1 2
e 7 6 2
e 8 7 2
e 8 6 2
e 9 1 2
e 10 9 2
e 10 0 2
e 9 0 2
t # 315 
v 0 5
v 1 2
v 2 5
v 3 5
v 4 5
v 5 5
v 6 5
v 7 5
v 8 5
v 9 3
v 10 5
v 11 5
v 12 6
v 13 5
v 14 5
v 15 6
v 16 2
v 17 5
v 18 5
v 19 5
v 20 5
v 21 5
v 22 5
v 23 5
v 24 5
v 25 5
v 26 5
v 27 5
v 28 5
v 29 5
v 30 5
v 31 5
v 32 5
v 33 5
v 34 5
v 35 2
v 36 5
v 37 2
v 38 5
v 39 5
v 40 5
v 41 5
v 42 5
v 43 5
v 44 5
v 45 3
v 46 5
v 47 5
v 48 6
v 49 5
v 50 5
v 51 6
e 2 1 1
e 3 1 2
e 4 3 2
e 5 4 3
e 6 5 3
e 7 6 3
e 8 7 3
e 9 8 3
e 9 4 3
e 10 7 2
e 11 10 2
e 12 11 2
e 13 12 2
e 14 10 2
e 15 14 2
e 16 15 2
e 17 1 2
e 18 17 2
e 19 18 2
e 20 19 2
e 21 20 2
e 22 21 2
e 23 22 2
e 24 23 2
e 25 24 2
e 26 25 3
e 27 26 3
e 28 27 3
e 29 28 3
e 30 29 3
e 30 25 3
e 31 30 2
e 31 22 2
e 32 31 2
e 33 32 2
e 34 33 2
e 34 18 2
e 34 21 2
e 35 34 2
e 36 27 2
e 37 36 2
e 38 37 1
e 39 37 2
e 40 39 2
e 41 40 3
e 42 41 3
e 43 42 3
e 44 43 3
e 45 44 3
e 45 40 3
e 46 43 2
e 47 46 2
e 48 47 2
e 49 48 2
e 50 46 2
e 51 50 2
e 51 0 2
t # 316 
v 0 5
v 1 5
v 2 5
v 3 5
v 4 5
v 5 2
v 6 2
v 7 5
v 8 5
v 9 5
e 2 1 2
e 3 2 2
e 4 2 2
e 5 4 2
e 6 5 1
e 7 5 2
e 8 7 2
e 9 8 2
e 9 0 1
t # 317 
v 0 5
v 1 5
v 2 5
v 3 5
v 4 5
v 5 5
v 6 5
v 7 5
v 8 2
v 9 7
v 10 2
v 11 2
v 12 3
v 13 5
v 14 2
v 15 3
v 16 5
v 17 5
v 18 5
v 19 5
v 20 5
v 21 5
e 2 1 3
e 3 2 3
e 4 3 3
e 5 4 3
e 6 5 3
e 6 1 3
e 7 6 2
e 8 7 2
e 9 7 1
e 10 3 2
e 11 10 1
e 12 10 1
e 13 10 2
e 14 13 2
e 15 14 1
e 16 14 2
e 17 16 2
e 18 17 2
e 19 18 2
e 20 19 2
e 21 20 2
e 21 0 2
e 17 0 2
t # 318 
v 0 5
v 1 5
v 2 5
v 3 5
v 4 5
v 5 6
v 6 5
v 7 6
e 2 1 3
e 3 2 3
e 4 3 3
e 5 4 3
e 6 5 2
e 7 5 3
e 7 1 3
e 7 0 2
t # 319 
v 0 5
v 1 5
v 2 3
v 3 2
v 4 2
v 5 5
v 6 2
v 7 2
e 2 1 2
e 3 2 2
e 4 3 1
e 5 3 2
e 6 1 2
e 7 6 1
e 6 0 2
t # 320 
v 0 7
v 1 2
v 2 2
v 3 3
v 4 5
v 5 2
v 6 3
v 7 3
v 8 5
v 9 5
v 10 5
v 11 5
v 12 5
v 13 5
v 14 5
v 15 5
v 16 5
v 17 5
v 18 5
v 19 5
v 20 5
e 2 1 1
e 3 1 1
e 4 1 2
e 5 4 2
e 6 5 1
e 7 5 2
e 8 7 2
e 9 8 2
e 10 9 2
e 11 10 2
e 12 11 2
e 13 12 2
e 14 13 2
e 14 8 2
e 15 1 2
e 16 15 3
e 17 16 3
e 18 17 3
e 19 18 2
e 20 18 3
e 20 0 3
e 15 0 3
t # 321 
v 0 2
v 1 5
v 2 5
v 3 5
v 4 2
v 5 5
v 6 5
v 7 5
v 8 5
v 9 5
v 10 5
v 11 2
v 12 5
v 13 5
v 14 5
v 15 2
e 2 1 2
e 3 2 2
e 4 3 2
e 5 4 2
e 5 3 2
e 6 1 2
e 7 6 3
e 8 7 3
e 9 8 3
e 10 9 3
e 11 10 3
e 11 6 3
e 12 10 2
e 13 12 2
e 14 13 2
e 15 14 2
e 15 0 2
e 14 0 2
t # 322 
v 0 7
v 1 1
v 2 2
v 3 5
v 4 2
v 5 5
v 6 2
v 7 5
v 8 5
v 9 5
v 10 5
v 11 5
v 12 5
v 13 3
v 14 2
v 15 2
e 2 1 1
e 3 2 2
e 4 3 2
e 5 2 2
e 6 5 2
e 7 2 2
e 8 7 2
e 9 8 3
e 10 9 3
e 11 10 3
e 12 11 3
e 13 12 3
e 13 8 3
e 14 11 2
e 15 14 1
e 14 0 2
t # 323 
v 0 5
v 1 2
v 2 5
v 3 5
v 4 2
v 5 5
v 6 5
e 2 1 1
e 3 1 2
e 4 3 1
e 5 1 2
e 6 5 2
e 6 0 2
t # 324 
v 0 5
v 1 6
v 2 6
v 3 5
v 4 5
v 5 5
v 6 5
v 7 5
v 8 5
v 9 5
v 10 5
v 11 5
v 12 5
v 13 5
v 14 5
v 15 5
v 16 5
v 17 5
v 18 5
v 19 5
e 2 1 2
e 3 1 2
e 4 1 2
e 5 4 2
e 6 5 3
e 7 6 3
e 8 7 3
e 9 8 2
e 10 9 2
e 11 8 3
e 12 11 3
e 12 5 3
e 13 4 2
e 14 13 3
e 15 14 3
e 16 15 3
e 17 16 2
e 18 17 2
e 19 16 3
e 19 0 3
e 13 0 3
t # 325 
v 0 5
v 1 5
v 2 5
v 3 5
v 4 5
v 5 2
v 6 2
v 7 5
v 8 2
v 9 5
v 10 5
e 2 1 3
e 3 2 3
e 4 3 3
e 5 4 2
e 6 5 1
e 7 5 2
e 8 7 2
e 9 8 1
e 10 8 2
e 10 4 3
e 10 0 3
e 1 0 3
t # 326 
v 0 5
v 1 5
v 2 6
v 3 3
v 4 5
v 5 5
v 6 5
e 2 1 2
e 3 2 2
e 4 1 2
e 5 4 2
e 6 4 2
e 4 0 2
t # 327 
v 0 5
v 1 5
v 2 5
v 3 5
v 4 5
v 5 5
v 6 5
v 7 3
e 2 1 3
e 3 2 3
e 4 3 3
e 5 4 3
e 6 5 2
e 7 5 3
e 7 1 3
e 7 0 2
t # 328 
v 0 5
v 1 7
v 2 7
v 3 17
v 4 7
v 5 5
v 6 7
v 7 3
v 8 5
v 9 5
v 10 5
v 11 5
v 12 7
v 13 5
v 14 7
v 15 3
v 16 5
v 17 5
v 18 5
v 19 5
v 20 7
v 21 5
v 22 7
v 23 3
v 24 5
v 25 5
v 26 5
v 27 5
v 28 3
v 29 5
v 30 5
v 31 5
v 32 5
e 2 1 1
e 3 1 2
e 4 3 2
e 5 4 2
e 6 5 2
e 7 6 1
e 8 6 2
e 9 8 2
e 10 9 2
e 11 8 2
e 12 11 2
e 13 4 2
e 14 13 2
e 15 14 1
e 16 14 2
e 17 16 2
e 18 17 2
e 19 16 2
e 20 19 2
e 21 4 2
e 22 21 2
e 23 22 1
e 24 22 2
e 25 24 2
e 26 25 2
e 27 24 2
e 28 27 2
e 29 1 2
e 30 29 2
e 31 30 2
e 32 29 2
e 32 0 2
t # 329 
v 0 5
v 1 5
v 2 6
v 3 5
v 4 5
v 5 6
v 6 5
v 7 2
v 8 5
v 9 6
e 2 1 3
e 3 2 2
e 4 2 3
e 5 4 3
e 6 5 2
e 7 5 3
e 8 7 2
e 9 7 3
e 9 1 3
e 9 0 2
t # 330 
v 0 3
v 1 3
v 2 5
v 3 5
v 4 5
v 5 5
v 6 5
v 7 5
v 8 5
v 9 5
v 10 5
v 11 5
v 12 5
v 13 5
e 2 1 1
e 3 2 2
e 4 3 3
e 5 4 3
e 6 5 3
e 7 6 3
e 8 7 3
e 8 3 3
e 9 1 2
e 10 9 3
e 11 10 3
e 12 11 3
e 13 12 3
e 13 0 3
e 9 0 3
t # 331 
v 0 5
v 1 3
v 2 2
v 3 5
v 4 5
v 5 5
v 6 5
v 7 5
v 8 5
v 9 5
v 10 3
v 11 2
e 2 1 2
e 3 1 1
e 4 1 2
e 5 4 3
e 6 5 3
e 7 6 3
e 8 7 3
e 9 8 3
e 9 4 3
e 10 9 2
e 11 10 2
e 10 0 1
t # 332 
v 0 5
v 1 5
v 2 5
v 3 5
v 4 5
v 5 3
v 6 5
v 7 5
v 8 3
e 2 1 3
e 3 2 3
e 4 3 2
e 5 3 3
e 6 5 2
e 7 5 3
e 8 7 3
e 8 1 3
e 8 0 2
t # 333 
v 0 5
v 1 5
v 2 3
v 3 5
v 4 5
v 5 5
v 6 5
v 7 5
v 8 5
v 9 5
e 2 1 3
e 3 2 2
e 4 2 3
e 5 4 2
e 6 4 3
e 7 6 3
e 8 7 2
e 9 7 3
e 9 1 3
e 9 0 2
t # 334 
v 0 2
v 1 3
v 2 2
v 3 5
v 4 5
v 5 5
v 6 5
v 7 5
v 8 5
v 9 5
v 10 5
v 11 5
v 12 5
e 2 1 2
e 3 2 1
e 4 2 2
e 5 4 3
e 6 5 3
e 7 6 3
e 8 7 3
e 9 8 3
e 10 9 3
e 11 10 3
e 12 11 3
e 12 0 3
e 4 0 3
e 8 0 3
t # 335 
v 0 5
v 1 5
v 2 5
v 3 5
v 4 5
v 5 5
v 6 6
e 2 1 3
e 3 2 3
e 4 3 3
e 5 4 3
e 6 5 3
e 6 1 3
e 6 0 2
t # 336 
v 0 5
v 1 6
v 2 6
v 3 6
v 4 5
v 5 6
v 6 6
v 7 6
e 2 1 2
e 3 1 2
e 4 1 2
e 5 1 2
e 6 5 2
e 7 5 2
e 5 0 2
t # 337 
v 0 7
v 1 1
v 2 2
v 3 5
v 4 2
v 5 5
v 6 7
v 7 5
v 8 3
v 9 3
v 10 3
v 11 5
v 12 5
v 13 5
v 14 5
v 15 5
v 16 5
v 17 5
v 18 2
e 2 1 1
e 3 2 2
e 4 3 2
e 5 2 2
e 6 5 2
e 7 2 2
e 8 7 2
e 9 8 2
e 10 9 2
e 11 10 1
e 12 11 2
e 13 12 3
e 14 13 3
e 15 14 3
e 16 15 3
e 17 16 3
e 17 12 3
e 18 17 2
e 18 9 2
e 18 0 1
t # 338 
v 0 5
v 1 5
v 2 6
v 3 5
v 4 6
e 2 1 2
e 3 2 2
e 4 1 1
e 4 0 2
t # 339 
v 0 3
v 1 5
v 2 5
v 3 5
v 4 6
v 5 5
v 6 5
v 7 5
v 8 3
e 2 1 2
e 3 2 3
e 4 3 3
e 5 4 2
e 6 4 3
e 7 6 3
e 8 7 3
e 8 2 3
e 8 0 2
t # 340 
v 0 5
v 1 6
v 2 5
v 3 6
v 4 5
v 5 6
v 6 5
v 7 6
v 8 5
v 9 6
v 10 6
v 11 5
v 12 5
v 13 5
v 14 2
v 15 7
v 16 2
v 17 2
v 18 5
e 2 1 2
e 3 1 2
e 4 3 2
e 5 3 1
e 6 5 2
e 7 5 2
e 8 7 2
e 9 7 2
e 9 1 2
e 10 9 2
e 11 9 2
e 12 7 2
e 13 12 2
e 13 1 2
e 14 13 2
e 15 14 2
e 16 15 2
e 17 16 1
e 18 16 2
e 18 0 2
e 12 0 2
t # 341 
v 0 5
v 1 5
v 2 5
v 3 2
e 2 1 2
e 3 2 2
e 3 0 2
e 2 0 2
t # 342 
v 0 3
v 1 2
v 2 2
v 3 5
v 4 5
v 5 6
v 6 5
v 7 6
v 8 5
v 9 6
v 10 5
v 11 6
v 12 5
v 13 6
e 2 1 1
e 3 1 2
e 4 1 2
e 5 4 3
e 6 5 2
e 7 5 3
e 8 7 2
e 9 7 3
e 10 9 2
e 11 9 3
e 12 11 2
e 13 11 3
e 13 4 3
e 13 0 2
t # 343 
v 0 3
v 1 5
v 2 2
v 3 3
v 4 5
v 5 5
v 6 5
v 7 5
v 8 5
v 9 5
v 10 6
v 11 5
v 12 5
e 2 1 2
e 3 2 1
e 4 2 2
e 5 4 2
e 6 4 2
e 7 1 2
e 8 7 3
e 9 8 3
e 10 9 3
e 11 10 2
e 12 10 3
e 12 0 3
e 7 0 3
t # 344 
v 0 5
v 1 5
v 2 5
v 3 5
v 4 5
v 5 2
v 6 5
v 7 2
v 8 5
v 9 5
v 10 5
v 11 5
v 12 5
v 13 5
v 14 5
v 15 3
v 16 5
v 17 5
v 18 6
v 19 5
v 20 5
v 21 6
v 22 5
v 23 5
v 24 5
v 25 5
v 26 5
v 27 5
v 28 5
v 29 5
v 30 5
v 31 5
v 32 5
v 33 5
v 34 5
v 35 5
v 36 5
v 37 5
v 38 5
v 39 5
v 40 5
v 41 5
v 42 5
v 43 5
e 2 1 2
e 3 2 2
e 4 3 2
e 5 4 2
e 6 5 2
e 7 6 2
e 8 7 1
e 9 7 2
e 10 9 2
e 11 10 3
e 12 11 3
e 13 12 3
e 14 13 3
e 15 14 3
e 15 10 3
e 16 13 2
e 17 16 2
e 18 17 2
e 19 18 2
e 20 16 2
e 21 20 2
e 22 21 2
e 23 5 2
e 24 23 2
e 24 2 2
e 25 24 1
e 26 25 2
e 27 26 2
e 28 27 2
e 28 2 2
e 29 28 2
e 30 29 2
e 31 30 2
e 32 31 2
e 33 31 2
e 34 33 2
e 35 34 2
e 36 35 2
e 36 27 2
e 36 31 2
e 37 33 2
e 38 37 2
e 39 37 2
e 40 39 2
e 41 40 2
e 42 41 2
e 43 42 2
e 42 0 2
t # 345 
v 0 5
v 1 5
v 2 5
v 3 3
v 4 5
v 5 5
v 6 5
v 7 3
v 8 3
v 9 2
v 10 2
e 2 1 3
e 3 2 3
e 4 3 2
e 5 3 3
e 6 5 3
e 7 6 3
e 7 1 3
e 8 7 2
e 9 5 2
e 10 9 1
e 9 0 2
t # 346 
v 0 5
v 1 5
v 2 5
v 3 5
v 4 5
v 5 5
v 6 5
v 7 5
v 8 5
v 9 5
v 10 3
v 11 5
v 12 5
v 13 3
e 2 1 3
e 3 2 3
e 4 3 3
e 5 4 3
e 6 5 3
e 6 1 3
e 7 6 3
e 8 7 3
e 9 8 3
e 10 9 3
e 10 1 3
e 11 10 2
e 12 11 2
e 13 12 2
e 13 0 2
t # 347 
v 0 3
v 1 5
v 2 5
v 3 5
v 4 5
v 5 5
v 6 7
v 7 7
v 8 7
v 9 5
v 10 7
v 11 3
v 12 5
v 13 5
v 14 5
v 15 5
e 2 1 2
e 3 2 2
e 4 1 2
e 5 4 2
e 6 1 2
e 7 6 1
e 8 6 2
e 9 8 2
e 10 9 2
e 11 10 1
e 12 10 2
e 13 12 2
e 14 13 2
e 15 12 2
e 15 0 2
t # 348 
v 0 5
v 1 5
v 2 5
v 3 5
v 4 6
v 5 5
v 6 5
v 7 5
v 8 3
e 2 1 2
e 3 2 3
e 4 3 3
e 5 4 2
e 6 4 3
e 7 6 3
e 8 7 3
e 8 2 3
e 8 0 2
t # 349 
v 0 3
v 1 3
v 2 2
v 3 5
v 4 5
v 5 5
v 6 5
v 7 5
v 8 5
v 9 5
v 10 5
v 11 5
v 12 5
v 13 5
v 14 5
e 2 1 2
e 3 2 1
e 4 1 2
e 5 4 3
e 6 5 3
e 7 6 3
e 8 7 3
e 9 8 3
e 9 4 3
e 10 1 2
e 11 10 3
e 12 11 3
e 13 12 3
e 14 13 3
e 14 0 3
e 10 0 3
