t # 0
v 0 0
v 1 1
v 2 2
v 3 3
v 4 4
v 5 5
v 6 6
v 7 7
v 8 8
v 9 9
v 10 10
v 11 11
v 12 12
e 2 1 0
e 2 6 2
e 2 4 2
e 2 4 2
e 2 8 2
e 2 5 2
e 2 5 2
e 2 9 2
e 2 9 2
e 2 12 2
e 2 12 2
e 2 10 2
e 2 10 2
e 2 9 1
e 2 0 1
e 2 0 1
e 2 3 2
e 2 3 2
e 2 12 2
e 2 11 2
e 2 11 2
e 2 7 2
e 2 7 2
e 2 10 2
e 2 10 2
t # 1
v 0 0
v 1 1
v 2 2
v 3 3
v 4 4
v 5 5
v 6 6
e 4 6 0
e 4 0 0
e 4 3 0
e 4 2 0
e 4 5 0
e 4 1 0
t # 2
v 0 0
v 1 1
v 2 2
v 3 3
v 4 4
v 5 5
v 6 6
v 7 7
v 8 8
v 9 9
v 10 10
e 2 7 2
e 2 7 2
e 2 7 2
e 2 7 2
e 2 7 2
e 2 10 2
e 2 1 2
e 2 1 2
e 2 1 2
e 2 1 2
e 2 1 2
e 2 0 1
e 2 6 1
e 2 5 1
e 2 9 1
e 2 4 2
e 2 3 0
e 2 8 1
t # 3
v 0 0
v 1 1
v 2 2
v 3 3
v 4 4
v 5 5
v 6 6
v 7 7
v 8 8
v 9 9
v 10 10
v 11 11
v 12 12
v 13 13
v 14 14
v 15 15
v 16 16
v 17 17
v 18 18
e 9 14 1
e 9 10 0
e 9 12 1
e 9 5 0
e 9 1 0
e 9 3 0
e 9 4 0
e 9 15 0
e 9 8 0
e 9 18 0
e 9 13 0
e 9 2 0
e 9 11 0
e 9 17 0
e 9 6 0
e 9 0 1
e 9 0 1
e 9 16 1
e 9 16 1
e 9 7 0
t # 4
v 0 0
v 1 1
v 2 2
v 3 3
v 4 4
v 5 5
v 6 6
v 7 7
v 8 8
v 9 9
v 10 10
v 11 11
v 12 12
v 13 13
v 14 14
v 15 15
v 16 16
v 17 17
v 18 18
v 19 19
v 20 20
v 21 21
v 22 22
v 23 23
v 24 24
v 25 25
v 26 26
v 27 27
v 28 28
v 29 29
v 30 30
v 31 31
v 32 32
v 33 33
v 34 34
v 35 35
v 36 36
v 37 37
v 38 38
v 39 39
v 40 40
v 41 41
v 42 42
v 43 43
v 44 44
v 45 45
v 46 46
v 47 47
v 48 48
v 49 49
v 50 50
v 51 51
v 52 52
v 53 53
v 54 54
v 55 55
v 56 56
v 57 57
v 58 58
v 59 59
v 60 60
v 61 61
v 62 62
v 63 63
v 64 64
v 65 65
v 66 66
v 67 67
v 68 68
v 69 69
v 70 70
v 71 71
v 72 72
v 73 73
v 74 74
v 75 75
v 76 76
v 77 77
v 78 78
v 79 79
v 80 80
v 81 81
v 82 82
v 83 83
v 84 84
v 85 85
v 86 86
v 87 87
v 88 88
v 89 89
v 90 90
v 91 91
v 92 92
v 93 93
v 94 94
v 95 95
v 96 96
v 97 97
v 98 98
v 99 99
v 100 100
v 101 101
v 102 102
v 103 103
v 104 104
v 105 105
v 106 106
v 107 107
v 108 108
v 109 109
v 110 110
v 111 111
v 112 112
v 113 113
v 114 114
v 115 115
v 116 116
v 117 117
v 118 118
v 119 119
v 120 120
v 121 121
v 122 122
v 123 123
v 124 124
v 125 125
v 126 126
v 127 127
v 128 128
v 129 129
v 130 130
v 131 131
v 132 132
v 133 133
v 134 134
v 135 135
v 136 136
v 137 137
v 138 138
v 139 139
v 140 140
e 122 67 0
e 122 46 0
e 122 17 0
e 122 22 0
e 122 138 0
e 122 71 0
e 122 2 0
e 122 60 0
e 122 62 0
e 122 77 0
e 122 121 0
e 122 118 0
e 122 132 0
e 122 21 0
e 122 87 0
e 122 131 0
e 122 88 0
e 122 80 2
e 122 65 0
e 122 129 0
e 122 44 0
e 122 57 0
e 122 87 0
e 122 95 0
e 122 50 0
e 122 35 0
e 122 66 0
e 122 51 0
e 122 112 0
e 122 39 0
e 122 98 0
e 122 93 0
e 122 10 1
e 122 31 0
e 122 23 0
e 122 94 0
e 122 32 0
e 122 117 0
e 122 111 0
e 122 13 0
e 122 128 0
e 122 134 0
e 122 9 0
e 122 55 0
e 122 83 1
e 122 83 1
e 122 127 1
e 122 51 0
e 122 140 0
e 122 25 0
e 122 1 0
e 122 133 0
e 122 37 0
e 122 14 0
e 122 123 0
e 122 120 0
e 122 106 0
e 122 33 0
e 122 100 0
e 122 63 0
e 122 137 0
e 122 101 0
e 122 136 0
e 122 7 0
e 122 16 0
e 122 82 0
e 122 91 0
e 122 113 0
e 122 0 0
e 122 11 0
e 122 130 0
e 122 107 0
e 122 70 0
e 122 30 0
e 122 27 0
e 122 64 0
e 122 86 0
e 122 47 0
e 122 110 0
e 122 8 0
e 122 24 0
e 122 81 0
e 122 103 0
e 122 96 0
e 122 89 0
e 122 117 0
e 122 15 0
e 122 72 0
e 122 78 0
e 122 69 0
e 122 84 0
e 122 85 0
e 122 42 0
e 122 59 1
e 122 59 1
e 122 48 1
e 122 98 0
e 122 79 0
e 122 11 0
e 122 61 0
e 122 12 0
e 122 49 0
e 122 74 0
e 122 133 0
e 122 15 0
e 122 109 0
e 122 15 0
e 122 99 0
e 122 34 0
e 122 76 0
e 122 43 0
e 122 19 0
e 122 124 0
e 122 126 0
e 122 139 0
e 122 11 0
e 122 97 0
e 122 81 0
e 122 3 0
e 122 68 0
e 122 90 0
e 122 29 0
e 122 38 0
e 122 18 0
e 122 40 0
e 122 105 0
e 122 26 0
e 122 73 0
e 122 28 0
e 122 41 0
e 122 51 0
e 122 54 0
e 122 119 1
e 122 119 1
e 122 119 1
e 122 56 0
e 122 75 0
e 122 114 0
e 122 36 0
e 122 20 0
e 122 28 0
e 122 108 0
e 122 92 0
e 122 58 1
e 122 119 0
e 122 133 0
e 122 11 0
e 122 6 1
e 122 6 1
e 122 116 0
e 122 28 0
e 122 117 0
e 122 109 0
e 122 102 0
e 122 4 0
e 122 135 0
e 122 104 0
e 122 53 0
e 122 45 0
e 122 115 0
e 122 90 0
e 122 41 0
e 122 5 0
e 122 125 0
e 122 52 0
t # 5
v 0 0
v 1 1
v 2 2
v 3 3
v 4 4
v 5 5
v 6 6
v 7 7
v 8 8
v 9 9
v 10 10
v 11 11
v 12 12
v 13 13
v 14 14
v 15 15
v 16 16
v 17 17
v 18 18
v 19 19
v 20 20
v 21 21
v 22 22
v 23 23
v 24 24
v 25 25
v 26 26
v 27 27
v 28 28
v 29 29
v 30 30
v 31 31
v 32 32
v 33 33
v 34 34
v 35 35
v 36 36
v 37 37
v 38 38
v 39 39
v 40 40
v 41 41
v 42 42
v 43 43
v 44 44
v 45 45
v 46 46
v 47 47
v 48 48
v 49 49
v 50 50
v 51 51
v 52 52
v 53 53
v 54 54
v 55 55
v 56 56
e 9 51 0
e 9 48 0
e 9 25 0
e 9 6 0
e 9 43 0
e 9 24 0
e 9 16 0
e 9 49 0
e 9 56 0
e 9 56 0
e 9 8 0
e 9 47 0
e 9 50 0
e 9 33 0
e 9 11 0
e 9 40 0
e 9 39 0
e 9 30 0
e 9 13 0
e 9 56 0
e 9 26 0
e 9 27 0
e 9 45 0
e 9 28 0
e 9 46 0
e 9 10 0
e 9 53 0
e 9 7 0
e 9 41 0
e 9 5 0
e 9 1 0
e 9 34 0
e 9 44 0
e 9 21 0
e 9 54 0
e 9 0 0
e 9 29 0
e 9 2 0
e 9 17 0
e 9 3 0
e 9 38 0
e 9 42 0
e 9 23 0
e 9 52 0
e 9 36 0
e 9 19 0
e 9 35 0
e 9 4 0
e 9 14 0
e 9 55 0
e 9 31 0
e 9 20 0
e 9 32 0
e 9 37 0
e 9 22 0
e 9 18 0
e 9 12 0
e 9 15 0
t # 6
v 0 0
v 1 1
v 2 2
v 3 3
e 2 1 0
e 2 0 0
e 2 3 0
t # 7
v 0 0
v 1 1
e 1 0 0
t # 8
v 0 0
v 1 1
v 2 2
v 3 3
v 4 4
v 5 5
v 6 6
v 7 7
v 8 8
v 9 9
v 10 10
v 11 11
v 12 12
v 13 13
v 14 14
v 15 15
e 14 15 2
e 14 15 2
e 14 1 2
e 14 1 2
e 14 1 2
e 14 1 2
e 14 0 0
e 14 7 1
e 14 6 1
e 14 6 1
e 14 6 1
e 14 6 1
e 14 2 2
e 14 4 2
e 14 13 2
e 14 12 2
e 14 5 2
e 14 3 2
e 14 10 2
e 14 8 2
e 14 9 2
e 14 11 2
t # 9
v 0 0
v 1 1
v 2 2
v 3 3
v 4 4
v 5 5
v 6 6
v 7 7
v 8 8
v 9 9
v 10 10
v 11 11
v 12 12
v 13 13
v 14 14
v 15 15
v 16 16
v 17 17
v 18 18
v 19 19
v 20 20
v 21 21
v 22 22
v 23 23
v 24 24
v 25 25
v 26 26
v 27 27
v 28 28
v 29 29
v 30 30
v 31 31
v 32 32
v 33 33
v 34 34
v 35 35
v 36 36
v 37 37
v 38 38
v 39 39
v 40 40
v 41 41
v 42 42
v 43 43
v 44 44
v 45 45
v 46 46
v 47 47
v 48 48
v 49 49
v 50 50
v 51 51
v 52 52
v 53 53
v 54 54
v 55 55
v 56 56
v 57 57
v 58 58
v 59 59
v 60 60
v 61 61
v 62 62
v 63 63
v 64 64
v 65 65
v 66 66
v 67 67
v 68 68
v 69 69
v 70 70
v 71 71
v 72 72
v 73 73
v 74 74
v 75 75
v 76 76
v 77 77
v 78 78
v 79 79
v 80 80
v 81 81
v 82 82
v 83 83
v 84 84
v 85 85
v 86 86
v 87 87
v 88 88
v 89 89
v 90 90
v 91 91
v 92 92
v 93 93
v 94 94
v 95 95
v 96 96
v 97 97
v 98 98
v 99 99
v 100 100
v 101 101
v 102 102
v 103 103
v 104 104
v 105 105
v 106 106
v 107 107
v 108 108
v 109 109
v 110 110
v 111 111
v 112 112
v 113 113
v 114 114
v 115 115
v 116 116
v 117 117
v 118 118
v 119 119
v 120 120
v 121 121
v 122 122
v 123 123
v 124 124
v 125 125
v 126 126
v 127 127
v 128 128
v 129 129
v 130 130
v 131 131
v 132 132
v 133 133
v 134 134
v 135 135
v 136 136
v 137 137
v 138 138
v 139 139
v 140 140
e 125 91 1
e 125 118 1
e 125 98 0
e 125 16 0
e 125 18 0
e 125 14 0
e 125 37 0
e 125 16 0
e 125 21 1
e 125 136 1
e 125 85 0
e 125 126 0
e 125 70 0
e 125 134 0
e 125 102 0
e 125 44 0
e 125 17 0
e 125 1 0
e 125 59 0
e 125 81 0
e 125 57 0
e 125 48 0
e 125 53 0
e 125 129 0
e 125 119 0
e 125 67 0
e 125 64 0
e 125 22 0
e 125 94 0
e 125 40 0
e 125 42 0
e 125 130 0
e 125 121 0
e 125 45 0
e 125 123 0
e 125 7 0
e 125 55 0
e 125 68 0
e 125 73 0
e 125 122 0
e 125 100 0
e 125 92 0
e 125 74 0
e 125 50 0
e 125 4 0
e 125 96 0
e 125 12 2
e 125 82 2
e 125 82 2
e 125 80 2
e 125 87 2
e 125 28 0
e 125 56 0
e 125 77 0
e 125 135 0
e 125 10 0
e 125 95 0
e 125 112 0
e 125 137 0
e 125 131 0
e 125 34 0
e 125 9 0
e 125 2 0
e 125 48 0
e 125 138 0
e 125 61 0
e 125 117 0
e 125 84 0
e 125 101 0
e 125 99 0
e 125 32 0
e 125 52 0
e 125 51 0
e 125 110 0
e 125 6 0
e 125 46 0
e 125 23 0
e 125 52 0
e 125 54 0
e 125 79 0
e 125 24 0
e 125 58 0
e 125 35 0
e 125 137 0
e 125 105 0
e 125 9 0
e 125 139 2
e 125 65 2
e 125 108 2
e 125 89 2
e 125 38 2
e 125 76 2
e 125 83 2
e 125 29 2
e 125 120 2
e 125 127 2
e 125 49 0
e 125 19 0
e 125 0 0
e 125 104 0
e 125 33 0
e 125 36 0
e 125 114 0
e 125 78 0
e 125 3 0
e 125 86 0
e 125 25 0
e 125 72 0
e 125 88 0
e 125 93 0
e 125 66 0
e 125 137 0
e 125 75 0
e 125 75 0
e 125 13 0
e 125 71 0
e 125 5 0
e 125 31 0
e 125 103 0
e 125 124 0
e 125 69 0
e 125 128 0
e 125 39 1
e 125 8 1
e 125 128 0
e 125 15 0
e 125 11 0
e 125 20 0
e 125 107 0
e 125 111 0
e 125 60 0
e 125 30 0
e 125 43 0
e 125 106 0
e 125 47 0
e 125 62 0
e 125 113 0
e 125 90 0
e 125 78 0
e 125 41 1
e 125 115 1
e 125 11 0
e 125 92 0
e 125 97 0
e 125 140 0
e 125 26 0
e 125 133 0
e 125 63 0
e 125 109 0
e 125 116 0
e 125 132 1
e 125 27 0
t # 10
v 0 0
v 1 1
e 0 1 0
t # 11
v 0 0
v 1 1
v 2 2
v 3 3
v 4 4
v 5 5
v 6 6
v 7 7
v 8 8
v 9 9
v 10 10
v 11 11
v 12 12
v 13 13
v 14 14
v 15 15
v 16 16
e 15 0 0
e 15 9 0
e 15 14 0
e 15 3 0
e 15 4 1
e 15 10 1
e 15 1 0
e 15 16 0
e 15 11 0
e 15 5 0
e 15 12 0
e 15 13 0
e 15 8 0
e 15 8 0
e 15 7 0
e 15 2 0
e 15 6 0
t # 12
v 0 0
v 1 1
v 2 2
v 3 3
v 4 4
v 5 5
e 5 3 0
e 5 4 0
e 5 1 0
e 5 2 0
e 5 0 0
t # 13
v 0 0
v 1 1
v 2 2
v 3 3
v 4 4
v 5 5
v 6 6
v 7 7
v 8 8
v 9 9
v 10 10
v 11 11
v 12 12
v 13 13
v 14 14
v 15 15
v 16 16
v 17 17
v 18 18
v 19 19
v 20 20
v 21 21
v 22 22
v 23 23
v 24 24
v 25 25
v 26 26
v 27 27
v 28 28
v 29 29
v 30 30
v 31 31
v 32 32
v 33 33
v 34 34
v 35 35
v 36 36
v 37 37
v 38 38
v 39 39
e 28 6 1
e 28 33 0
e 28 16 1
e 28 16 1
e 28 16 1
e 28 30 0
e 28 3 0
e 28 35 0
e 28 38 0
e 28 13 1
e 28 2 1
e 28 27 1
e 28 31 2
e 28 9 2
e 28 1 0
e 28 39 0
e 28 29 0
e 28 31 2
e 28 15 2
e 28 20 2
e 28 4 2
e 28 37 2
e 28 21 2
e 28 7 2
e 28 19 0
e 28 8 2
e 28 22 2
e 28 11 0
e 28 12 0
e 28 32 0
e 28 17 0
e 28 36 1
e 28 5 1
e 28 25 1
e 28 26 1
e 28 26 1
e 28 0 0
e 28 34 1
e 28 23 1
e 28 23 1
e 28 23 1
e 28 23 1
e 28 24 0
e 28 14 1
e 28 18 1
e 28 18 1
e 28 10 0
t # 14
v 0 0
v 1 1
v 2 2
e 0 1 0
e 0 2 0
e 0 2 0
t # 15
v 0 0
v 1 1
e 0 1 0
t # 16
v 0 0
v 1 1
v 2 2
v 3 3
v 4 4
v 5 5
e 4 0 0
e 4 3 0
e 4 5 0
e 4 2 0
e 4 1 0
t # 17
v 0 0
v 1 1
v 2 2
v 3 3
v 4 4
v 5 5
v 6 6
v 7 7
v 8 8
v 9 9
v 10 10
v 11 11
v 12 12
v 13 13
v 14 14
v 15 15
v 16 16
v 17 17
v 18 18
v 19 19
v 20 20
v 21 21
v 22 22
v 23 23
v 24 24
v 25 25
v 26 26
v 27 27
v 28 28
v 29 29
v 30 30
v 31 31
v 32 32
v 33 33
v 34 34
v 35 35
v 36 36
v 37 37
v 38 38
v 39 39
v 40 40
v 41 41
v 42 42
v 43 43
v 44 44
v 45 45
v 46 46
v 47 47
v 48 48
v 49 49
v 50 50
v 51 51
v 52 52
v 53 53
v 54 54
v 55 55
v 56 56
v 57 57
v 58 58
v 59 59
v 60 60
v 61 61
v 62 62
v 63 63
v 64 64
v 65 65
v 66 66
v 67 67
v 68 68
v 69 69
v 70 70
e 9 70 2
e 9 62 2
e 9 54 1
e 9 54 1
e 9 5 0
e 9 58 0
e 9 35 2
e 9 47 2
e 9 65 2
e 9 49 2
e 9 59 2
e 9 68 2
e 9 17 2
e 9 16 2
e 9 16 2
e 9 16 2
e 9 55 2
e 9 55 2
e 9 55 2
e 9 55 2
e 9 24 2
e 9 0 2
e 9 0 2
e 9 14 2
e 9 3 2
e 9 51 2
e 9 56 2
e 9 30 2
e 9 30 2
e 9 30 2
e 9 30 2
e 9 30 2
e 9 27 2
e 9 28 2
e 9 6 2
e 9 41 2
e 9 41 2
e 9 26 2
e 9 7 2
e 9 7 2
e 9 7 2
e 9 7 2
e 9 7 2
e 9 47 2
e 9 16 2
e 9 16 2
e 9 16 2
e 9 55 2
e 9 55 2
e 9 61 2
e 9 61 2
e 9 24 2
e 9 24 2
e 9 24 2
e 9 24 2
e 9 45 2
e 9 1 2
e 9 20 2
e 9 39 2
e 9 41 2
e 9 41 2
e 9 25 2
e 9 25 2
e 9 21 2
e 9 31 2
e 9 31 2
e 9 29 2
e 9 29 2
e 9 29 2
e 9 36 2
e 9 36 2
e 9 30 2
e 9 18 2
e 9 42 2
e 9 37 2
e 9 11 2
e 9 48 2
e 9 32 2
e 9 19 2
e 9 43 2
e 9 22 2
e 9 40 2
e 9 57 2
e 9 4 2
e 9 12 2
e 9 46 2
e 9 44 2
e 9 8 2
e 9 15 2
e 9 38 2
e 9 23 2
e 9 33 2
e 9 67 2
e 9 60 2
e 9 69 2
e 9 2 2
e 9 50 2
e 9 10 2
e 9 34 2
e 9 66 2
e 9 13 2
e 9 63 2
e 9 53 2
e 9 64 2
e 9 52 2
t # 18
v 0 0
v 1 1
v 2 2
v 3 3
v 4 4
v 5 5
v 6 6
v 7 7
v 8 8
v 9 9
v 10 10
v 11 11
v 12 12
v 13 13
v 14 14
v 15 15
v 16 16
v 17 17
v 18 18
e 12 17 1
e 12 8 1
e 12 6 0
e 12 6 0
e 12 2 1
e 12 2 1
e 12 2 1
e 12 18 1
e 12 15 0
e 12 13 0
e 12 7 0
e 12 11 0
e 12 0 0
e 12 9 1
e 12 9 1
e 12 9 1
e 12 16 0
e 12 10 0
e 12 4 0
e 12 1 1
e 12 3 1
e 12 5 0
e 12 14 0
t # 19
v 0 0
v 1 1
v 2 2
v 3 3
v 4 4
v 5 5
v 6 6
v 7 7
v 8 8
v 9 9
v 10 10
v 11 11
v 12 12
v 13 13
v 14 14
v 15 15
v 16 16
e 13 8 2
e 13 16 0
e 13 12 1
e 13 11 1
e 13 9 2
e 13 14 2
e 13 3 2
e 13 15 2
e 13 0 2
e 13 10 2
e 13 5 2
e 13 5 2
e 13 6 2
e 13 4 2
e 13 2 2
e 13 9 0
e 13 7 1
e 13 1 1
t # 20
v 0 0
v 1 1
v 2 2
v 3 3
v 4 4
v 5 5
e 3 1 0
e 3 0 1
e 3 5 1
e 3 2 1
e 3 4 0
t # 21
v 0 0
v 1 1
v 2 2
e 0 2 0
e 0 1 0
t # 22
v 0 0
v 1 1
v 2 2
v 3 3
v 4 4
v 5 5
v 6 6
e 1 2 1
e 1 0 0
e 1 4 0
e 1 3 0
e 1 5 0
e 1 6 1
t # 23
v 0 0
v 1 1
v 2 2
v 3 3
v 4 4
v 5 5
v 6 6
v 7 7
v 8 8
v 9 9
v 10 10
v 11 11
v 12 12
v 13 13
v 14 14
v 15 15
v 16 16
v 17 17
v 18 18
v 19 19
v 20 20
v 21 21
v 22 22
v 23 23
v 24 24
v 25 25
e 14 16 0
e 14 22 2
e 14 3 0
e 14 0 1
e 14 25 1
e 14 11 1
e 14 12 0
e 14 18 1
e 14 15 1
e 14 6 1
e 14 0 1
e 14 6 1
e 14 8 1
e 14 19 1
e 14 4 1
e 14 10 2
e 14 10 2
e 14 24 2
e 14 13 2
e 14 5 2
e 14 1 2
e 14 9 2
e 14 2 2
e 14 21 0
e 14 17 1
e 14 17 1
e 14 20 1
e 14 23 0
e 14 18 0
e 14 8 0
e 14 7 1
e 14 4 1
t # 24
v 0 0
v 1 1
v 2 2
v 3 3
v 4 4
v 5 5
v 6 6
v 7 7
v 8 8
v 9 9
v 10 10
v 11 11
v 12 12
v 13 13
v 14 14
v 15 15
v 16 16
v 17 17
v 18 18
e 8 2 2
e 8 10 2
e 8 6 2
e 8 13 1
e 8 7 1
e 8 11 1
e 8 4 0
e 8 18 0
e 8 15 2
e 8 14 2
e 8 12 2
e 8 16 2
e 8 9 2
e 8 0 2
e 8 1 2
e 8 3 0
e 8 5 0
e 8 17 0
t # 25
v 0 0
v 1 1
v 2 2
v 3 3
v 4 4
v 5 5
v 6 6
v 7 7
v 8 8
e 0 6 0
e 0 8 0
e 0 3 0
e 0 2 0
e 0 1 0
e 0 4 0
e 0 7 0
e 0 5 0
t # 26
v 0 0
v 1 1
e 0 1 0
t # 27
v 0 0
v 1 1
v 2 2
e 1 0 0
e 1 2 0
t # 28
v 0 0
v 1 1
v 2 2
v 3 3
e 1 2 0
e 1 0 0
e 1 3 0
t # 29
v 0 0
v 1 1
v 2 2
v 3 3
e 3 0 0
e 3 1 1
e 3 2 1
t # 30
v 0 0
v 1 1
v 2 2
v 3 3
v 4 4
v 5 5
v 6 6
v 7 7
v 8 8
v 9 9
v 10 10
v 11 11
v 12 12
v 13 13
v 14 14
v 15 15
v 16 16
v 17 17
v 18 18
v 19 19
v 20 20
v 21 21
v 22 22
v 23 23
v 24 24
e 12 18 0
e 12 15 0
e 12 14 0
e 12 7 0
e 12 22 0
e 12 19 0
e 12 4 0
e 12 1 0
e 12 24 0
e 12 3 0
e 12 17 0
e 12 9 0
e 12 0 0
e 12 10 0
e 12 2 0
e 12 20 0
e 12 16 0
e 12 13 0
e 12 23 0
e 12 6 0
e 12 5 0
e 12 21 0
e 12 8 0
e 12 11 0
t # 31
v 0 0
v 1 1
v 2 2
e 0 1 0
e 0 2 0
t # 32
v 0 0
v 1 1
v 2 2
v 3 3
v 4 4
v 5 5
v 6 6
v 7 7
v 8 8
v 9 9
v 10 10
v 11 11
v 12 12
v 13 13
v 14 14
v 15 15
v 16 16
v 17 17
v 18 18
v 19 19
v 20 20
v 21 21
v 22 22
v 23 23
v 24 24
v 25 25
v 26 26
v 27 27
v 28 28
v 29 29
v 30 30
v 31 31
v 32 32
v 33 33
v 34 34
v 35 35
v 36 36
v 37 37
v 38 38
v 39 39
v 40 40
v 41 41
v 42 42
v 43 43
v 44 44
v 45 45
v 46 46
v 47 47
v 48 48
v 49 49
v 50 50
v 51 51
v 52 52
v 53 53
v 54 54
v 55 55
v 56 56
v 57 57
v 58 58
v 59 59
v 60 60
v 61 61
v 62 62
v 63 63
v 64 64
v 65 65
v 66 66
v 67 67
v 68 68
v 69 69
v 70 70
v 71 71
v 72 72
v 73 73
v 74 74
v 75 75
v 76 76
v 77 77
v 78 78
v 79 79
v 80 80
v 81 81
v 82 82
v 83 83
v 84 84
v 85 85
v 86 86
v 87 87
v 88 88
v 89 89
v 90 90
v 91 91
v 92 92
v 93 93
v 94 94
v 95 95
v 96 96
v 97 97
v 98 98
v 99 99
v 100 100
v 101 101
v 102 102
v 103 103
v 104 104
v 105 105
v 106 106
v 107 107
v 108 108
v 109 109
v 110 110
v 111 111
v 112 112
v 113 113
v 114 114
v 115 115
v 116 116
v 117 117
v 118 118
v 119 119
v 120 120
v 121 121
v 122 122
v 123 123
v 124 124
v 125 125
v 126 126
v 127 127
v 128 128
v 129 129
v 130 130
v 131 131
v 132 132
v 133 133
v 134 134
v 135 135
v 136 136
v 137 137
v 138 138
v 139 139
v 140 140
v 141 141
v 142 142
v 143 143
v 144 144
v 145 145
v 146 146
v 147 147
v 148 148
v 149 149
v 150 150
v 151 151
v 152 152
v 153 153
v 154 154
v 155 155
v 156 156
v 157 157
v 158 158
v 159 159
v 160 160
v 161 161
v 162 162
v 163 163
v 164 164
v 165 165
v 166 166
v 167 167
v 168 168
v 169 169
v 170 170
v 171 171
v 172 172
v 173 173
v 174 174
v 175 175
v 176 176
v 177 177
v 178 178
v 179 179
v 180 180
v 181 181
v 182 182
v 183 183
v 184 184
v 185 185
v 186 186
v 187 187
v 188 188
v 189 189
v 190 190
v 191 191
v 192 192
v 193 193
v 194 194
v 195 195
v 196 196
v 197 197
v 198 198
v 199 199
v 200 200
v 201 201
v 202 202
v 203 203
v 204 204
v 205 205
v 206 206
v 207 207
v 208 208
v 209 209
v 210 210
v 211 211
v 212 212
v 213 213
v 214 214
v 215 215
v 216 216
v 217 217
v 218 218
v 219 219
v 220 220
v 221 221
e 64 89 0
e 64 160 1
e 64 160 1
e 64 158 0
e 64 219 0
e 64 197 0
e 64 45 0
e 64 17 0
e 64 169 0
e 64 135 0
e 64 60 0
e 64 189 0
e 64 163 0
e 64 188 0
e 64 157 0
e 64 11 0
e 64 204 0
e 64 99 0
e 64 145 0
e 64 57 0
e 64 180 0
e 64 44 0
e 64 72 0
e 64 107 0
e 64 129 0
e 64 177 0
e 64 51 0
e 64 74 0
e 64 124 0
e 64 28 0
e 64 18 0
e 64 153 0
e 64 107 0
e 64 141 0
e 64 199 0
e 64 65 0
e 64 147 0
e 64 79 0
e 64 48 0
e 64 191 0
e 64 98 0
e 64 211 0
e 64 90 0
e 64 133 0
e 64 217 0
e 64 192 0
e 64 162 0
e 64 36 0
e 64 126 1
e 64 9 1
e 64 20 0
e 64 84 0
e 64 14 0
e 64 151 0
e 64 87 0
e 64 40 1
e 64 40 1
e 64 67 0
e 64 165 0
e 64 172 0
e 64 212 0
e 64 125 0
e 64 80 0
e 64 139 1
e 64 25 0
e 64 19 0
e 64 122 0
e 64 0 0
e 64 142 0
e 64 166 1
e 64 61 0
e 64 206 0
e 64 146 0
e 64 200 0
e 64 100 1
e 64 101 1
e 64 173 0
e 64 118 0
e 64 183 1
e 64 21 1
e 64 5 0
e 64 216 0
e 64 6 0
e 64 186 0
e 64 113 0
e 64 38 0
e 64 144 0
e 64 69 0
e 64 94 0
e 64 130 1
e 64 181 1
e 64 23 0
e 64 198 1
e 64 114 1
e 64 37 1
e 64 32 0
e 64 7 0
e 64 218 0
e 64 73 0
e 64 77 0
e 64 167 0
e 64 35 0
e 64 92 0
e 64 131 0
e 64 171 0
e 64 66 0
e 64 123 0
e 64 81 0
e 64 97 0
e 64 176 0
e 64 194 0
e 64 201 0
e 64 170 0
e 64 58 0
e 64 103 0
e 64 164 0
e 64 33 0
e 64 83 0
e 64 168 0
e 64 91 0
e 64 136 0
e 64 121 0
e 64 59 0
e 64 213 1
e 64 47 1
e 64 108 0
e 64 150 0
e 64 137 0
e 64 50 0
e 64 214 0
e 64 93 0
e 64 143 0
e 64 31 0
e 64 76 0
e 64 43 1
e 64 62 1
e 64 95 0
e 64 75 0
e 64 109 0
e 64 207 0
e 64 22 0
e 64 221 0
e 64 12 0
e 64 2 0
e 64 39 0
e 64 190 0
e 64 132 0
e 64 178 0
e 64 205 0
e 64 8 0
e 64 42 0
e 64 140 0
e 64 52 0
e 64 1 0
e 64 29 0
e 64 209 2
e 64 117 0
e 64 3 0
e 64 120 0
e 64 30 0
e 64 127 0
e 64 155 0
e 64 105 0
e 64 13 0
e 64 182 0
e 64 88 1
e 64 179 0
e 64 193 0
e 64 53 0
e 64 220 0
e 64 211 0
e 64 102 0
e 64 54 0
e 64 208 1
e 64 16 1
e 64 148 0
e 64 78 0
e 64 175 0
e 64 46 0
e 64 134 0
e 64 68 0
e 64 115 0
e 64 15 0
e 64 41 0
e 64 111 0
e 64 34 0
e 64 116 0
e 64 203 0
e 64 70 0
e 64 55 0
e 64 215 0
e 64 112 0
e 64 156 0
e 64 195 0
e 64 210 0
e 64 86 0
e 64 26 0
e 64 4 0
e 64 10 0
e 64 71 0
e 64 202 0
e 64 56 0
e 64 85 0
e 64 49 0
e 64 110 0
e 64 128 0
e 64 196 0
e 64 152 0
e 64 138 0
e 64 184 0
e 64 149 0
e 64 27 0
e 64 174 0
e 64 63 0
e 64 24 0
e 64 159 0
e 64 185 0
e 64 82 0
e 64 96 0
e 64 161 0
e 64 119 1
e 64 154 0
e 64 33 0
e 64 106 0
e 64 187 0
e 64 104 0
t # 33
v 0 0
v 1 1
v 2 2
v 3 3
v 4 4
v 5 5
v 6 6
v 7 7
v 8 8
v 9 9
v 10 10
v 11 11
v 12 12
v 13 13
v 14 14
v 15 15
v 16 16
e 0 3 1
e 0 14 0
e 0 10 0
e 0 11 0
e 0 15 1
e 0 4 1
e 0 1 0
e 0 13 0
e 0 16 0
e 0 13 0
e 0 2 0
e 0 5 0
e 0 12 0
e 0 6 0
e 0 9 1
e 0 9 1
e 0 9 1
e 0 9 1
e 0 7 0
e 0 8 0
t # 34
v 0 0
v 1 1
v 2 2
v 3 3
v 4 4
v 5 5
v 6 6
v 7 7
v 8 8
v 9 9
v 10 10
v 11 11
v 12 12
v 13 13
v 14 14
v 15 15
v 16 16
v 17 17
v 18 18
v 19 19
v 20 20
v 21 21
v 22 22
v 23 23
e 13 3 2
e 13 3 2
e 13 11 2
e 13 10 0
e 13 2 2
e 13 2 2
e 13 4 0
e 13 21 1
e 13 20 1
e 13 7 2
e 13 5 2
e 13 12 2
e 13 22 2
e 13 23 2
e 13 17 0
e 13 7 2
e 13 8 2
e 13 8 2
e 13 12 1
e 13 23 1
e 13 18 2
e 13 18 2
e 13 1 2
e 13 23 2
e 13 9 0
e 13 0 0
e 13 6 1
e 13 6 1
e 13 6 1
e 13 6 1
e 13 16 0
e 13 14 2
e 13 15 2
e 13 19 2
t # 35
v 0 0
v 1 1
v 2 2
v 3 3
v 4 4
v 5 5
v 6 6
v 7 7
v 8 8
v 9 9
v 10 10
v 11 11
e 11 8 0
e 11 2 0
e 11 1 0
e 11 9 0
e 11 5 0
e 11 3 0
e 11 0 0
e 11 6 0
e 11 7 0
e 11 4 0
e 11 10 0
t # 36
v 0 0
v 1 1
v 2 2
v 3 3
v 4 4
v 5 5
v 6 6
v 7 7
e 5 7 0
e 5 0 0
e 5 3 0
e 5 4 0
e 5 6 0
e 5 1 0
e 5 2 0
t # 37
v 0 0
v 1 1
v 2 2
v 3 3
v 4 4
v 5 5
v 6 6
v 7 7
v 8 8
e 5 8 0
e 5 2 0
e 5 7 0
e 5 1 0
e 5 6 0
e 5 3 0
e 5 4 0
e 5 0 0
t # 38
v 0 0
v 1 1
v 2 2
v 3 3
v 4 4
v 5 5
v 6 6
v 7 7
v 8 8
v 9 9
v 10 10
v 11 11
v 12 12
v 13 13
v 14 14
v 15 15
v 16 16
v 17 17
v 18 18
v 19 19
v 20 20
v 21 21
v 22 22
v 23 23
v 24 24
v 25 25
v 26 26
v 27 27
v 28 28
v 29 29
v 30 30
v 31 31
v 32 32
v 33 33
v 34 34
v 35 35
v 36 36
v 37 37
e 12 7 0
e 12 33 0
e 12 27 0
e 12 5 0
e 12 10 0
e 12 28 0
e 12 37 0
e 12 26 0
e 12 13 0
e 12 34 0
e 12 21 0
e 12 19 0
e 12 16 0
e 12 18 0
e 12 20 0
e 12 11 0
e 12 29 0
e 12 8 0
e 12 24 0
e 12 6 0
e 12 23 0
e 12 9 0
e 12 14 0
e 12 1 0
e 12 35 0
e 12 36 0
e 12 3 0
e 12 22 0
e 12 25 0
e 12 10 0
e 12 4 0
e 12 30 0
e 12 15 1
e 12 17 1
e 12 32 0
e 12 2 0
e 12 0 0
e 12 31 0
t # 39
v 0 0
v 1 1
v 2 2
v 3 3
v 4 4
v 5 5
v 6 6
v 7 7
v 8 8
v 9 9
v 10 10
v 11 11
v 12 12
v 13 13
v 14 14
v 15 15
v 16 16
v 17 17
v 18 18
v 19 19
v 20 20
v 21 21
v 22 22
v 23 23
v 24 24
v 25 25
v 26 26
v 27 27
v 28 28
v 29 29
v 30 30
v 31 31
v 32 32
v 33 33
v 34 34
v 35 35
v 36 36
v 37 37
v 38 38
v 39 39
v 40 40
v 41 41
v 42 42
v 43 43
v 44 44
v 45 45
v 46 46
v 47 47
v 48 48
v 49 49
v 50 50
v 51 51
v 52 52
v 53 53
v 54 54
v 55 55
v 56 56
v 57 57
v 58 58
v 59 59
v 60 60
v 61 61
v 62 62
v 63 63
v 64 64
v 65 65
v 66 66
v 67 67
v 68 68
v 69 69
v 70 70
v 71 71
v 72 72
v 73 73
v 74 74
v 75 75
v 76 76
v 77 77
v 78 78
v 79 79
v 80 80
v 81 81
v 82 82
v 83 83
v 84 84
v 85 85
v 86 86
v 87 87
v 88 88
v 89 89
v 90 90
v 91 91
e 38 40 2
e 38 75 0
e 38 30 0
e 38 63 0
e 38 62 0
e 38 79 0
e 38 43 0
e 38 0 0
e 38 24 0
e 38 16 0
e 38 67 0
e 38 50 0
e 38 76 0
e 38 10 0
e 38 36 0
e 38 58 0
e 38 41 0
e 38 19 0
e 38 61 0
e 38 60 0
e 38 5 0
e 38 2 0
e 38 21 0
e 38 6 0
e 38 33 0
e 38 37 0
e 38 69 0
e 38 57 0
e 38 22 0
e 38 78 0
e 38 20 0
e 38 89 0
e 38 51 0
e 38 82 0
e 38 29 2
e 38 18 2
e 38 27 2
e 38 74 2
e 38 39 2
e 38 91 2
e 38 87 2
e 38 46 2
e 38 77 2
e 38 48 2
e 38 80 2
e 38 15 2
e 38 56 2
e 38 65 2
e 38 17 2
e 38 44 2
e 38 14 2
e 38 31 0
e 38 34 0
e 38 4 0
e 38 11 2
e 38 70 2
e 38 85 2
e 38 53 2
e 38 59 2
e 38 68 2
e 38 28 2
e 38 45 2
e 38 8 2
e 38 25 2
e 38 66 2
e 38 1 0
e 38 35 0
e 38 81 0
e 38 54 0
e 38 9 0
e 38 72 0
e 38 26 0
e 38 42 0
e 38 55 0
e 38 90 2
e 38 13 2
e 38 7 2
e 38 47 2
e 38 83 2
e 38 12 2
e 38 86 0
e 38 49 0
e 38 52 0
e 38 23 1
e 38 88 1
e 38 73 1
e 38 64 1
e 38 84 0
e 38 3 0
e 38 32 0
e 38 71 0
t # 40
v 0 0
v 1 1
v 2 2
v 3 3
v 4 4
v 5 5
v 6 6
v 7 7
v 8 8
v 9 9
v 10 10
v 11 11
v 12 12
v 13 13
v 14 14
v 15 15
v 16 16
v 17 17
v 18 18
v 19 19
v 20 20
v 21 21
v 22 22
v 23 23
v 24 24
v 25 25
v 26 26
v 27 27
v 28 28
v 29 29
v 30 30
v 31 31
v 32 32
v 33 33
v 34 34
v 35 35
v 36 36
v 37 37
v 38 38
v 39 39
v 40 40
v 41 41
v 42 42
v 43 43
v 44 44
v 45 45
v 46 46
v 47 47
v 48 48
v 49 49
v 50 50
v 51 51
v 52 52
v 53 53
v 54 54
v 55 55
v 56 56
v 57 57
v 58 58
v 59 59
v 60 60
v 61 61
v 62 62
v 63 63
v 64 64
v 65 65
v 66 66
v 67 67
v 68 68
v 69 69
v 70 70
v 71 71
v 72 72
e 35 26 0
e 35 7 0
e 35 5 0
e 35 39 0
e 35 67 0
e 35 2 0
e 35 49 0
e 35 34 0
e 35 56 0
e 35 8 0
e 35 32 0
e 35 69 0
e 35 0 0
e 35 15 0
e 35 46 0
e 35 6 0
e 35 55 0
e 35 3 0
e 35 45 0
e 35 28 0
e 35 65 0
e 35 52 0
e 35 12 0
e 35 50 0
e 35 11 0
e 35 63 0
e 35 47 0
e 35 4 0
e 35 57 0
e 35 36 0
e 35 61 0
e 35 16 0
e 35 29 0
e 35 9 0
e 35 42 0
e 35 43 0
e 35 54 0
e 35 72 0
e 35 33 0
e 35 14 0
e 35 23 0
e 35 13 0
e 35 27 0
e 35 20 0
e 35 24 0
e 35 68 0
e 35 30 0
e 35 31 0
e 35 66 0
e 35 71 0
e 35 44 0
e 35 10 0
e 35 25 0
e 35 60 0
e 35 37 0
e 35 48 0
e 35 17 0
e 35 51 0
e 35 38 0
e 35 64 0
e 35 1 0
e 35 19 0
e 35 18 0
e 35 21 0
e 35 58 0
e 35 40 0
e 35 62 0
e 35 70 0
e 35 41 0
e 35 59 0
e 35 22 0
e 35 53 0
t # 41
v 0 0
v 1 1
v 2 2
v 3 3
v 4 4
v 5 5
v 6 6
v 7 7
v 8 8
v 9 9
v 10 10
v 11 11
v 12 12
v 13 13
v 14 14
v 15 15
v 16 16
v 17 17
v 18 18
v 19 19
v 20 20
v 21 21
v 22 22
v 23 23
v 24 24
v 25 25
v 26 26
v 27 27
v 28 28
v 29 29
v 30 30
v 31 31
v 32 32
v 33 33
v 34 34
v 35 35
v 36 36
v 37 37
v 38 38
v 39 39
v 40 40
v 41 41
v 42 42
v 43 43
v 44 44
v 45 45
v 46 46
v 47 47
v 48 48
v 49 49
v 50 50
v 51 51
v 52 52
v 53 53
v 54 54
v 55 55
v 56 56
v 57 57
v 58 58
v 59 59
v 60 60
v 61 61
v 62 62
v 63 63
v 64 64
v 65 65
v 66 66
v 67 67
v 68 68
v 69 69
v 70 70
v 71 71
v 72 72
v 73 73
v 74 74
v 75 75
v 76 76
v 77 77
v 78 78
v 79 79
v 80 80
v 81 81
v 82 82
v 83 83
e 15 22 0
e 15 47 0
e 15 77 0
e 15 71 0
e 15 30 0
e 15 29 0
e 15 9 0
e 15 52 1
e 15 37 1
e 15 40 1
e 15 50 0
e 15 60 0
e 15 70 0
e 15 0 1
e 15 2 1
e 15 35 1
e 15 28 1
e 15 8 0
e 15 39 0
e 15 18 0
e 15 32 0
e 15 36 0
e 15 79 0
e 15 65 0
e 15 19 1
e 15 19 1
e 15 56 0
e 15 44 1
e 15 66 1
e 15 54 1
e 15 11 0
e 15 33 1
e 15 69 1
e 15 34 1
e 15 49 1
e 15 20 0
e 15 67 0
e 15 25 1
e 15 61 1
e 15 73 1
e 15 43 0
e 15 83 1
e 15 16 1
e 15 24 0
e 15 1 0
e 15 75 0
e 15 82 0
e 15 3 0
e 15 4 0
e 15 81 2
e 15 53 0
e 15 6 0
e 15 55 0
e 15 26 0
e 15 72 0
e 15 63 0
e 15 31 0
e 15 80 1
e 15 76 1
e 15 46 1
e 15 27 0
e 15 23 0
e 15 74 0
e 15 57 0
e 15 48 1
e 15 68 1
e 15 13 1
e 15 21 1
e 15 21 1
e 15 5 1
e 15 45 1
e 15 12 1
e 15 58 0
e 15 7 0
e 15 64 0
e 15 59 0
e 15 62 0
e 15 10 0
e 15 42 0
e 15 41 0
e 15 51 0
e 15 78 0
e 15 38 1
e 15 17 1
e 15 14 1
t # 42
v 0 0
v 1 1
v 2 2
v 3 3
v 4 4
e 1 0 0
e 1 4 0
e 1 2 0
e 1 3 0
t # 43
v 0 0
v 1 1
v 2 2
v 3 3
v 4 4
v 5 5
v 6 6
v 7 7
v 8 8
v 9 9
v 10 10
v 11 11
v 12 12
v 13 13
v 14 14
v 15 15
v 16 16
v 17 17
v 18 18
v 19 19
v 20 20
v 21 21
v 22 22
v 23 23
v 24 24
v 25 25
v 26 26
v 27 27
v 28 28
v 29 29
v 30 30
v 31 31
v 32 32
v 33 33
v 34 34
v 35 35
v 36 36
v 37 37
v 38 38
v 39 39
v 40 40
v 41 41
v 42 42
v 43 43
v 44 44
v 45 45
v 46 46
v 47 47
v 48 48
v 49 49
v 50 50
v 51 51
v 52 52
v 53 53
v 54 54
v 55 55
v 56 56
v 57 57
v 58 58
v 59 59
v 60 60
v 61 61
v 62 62
v 63 63
v 64 64
v 65 65
v 66 66
v 67 67
v 68 68
v 69 69
v 70 70
v 71 71
v 72 72
v 73 73
v 74 74
v 75 75
v 76 76
v 77 77
v 78 78
v 79 79
v 80 80
v 81 81
v 82 82
v 83 83
v 84 84
v 85 85
v 86 86
v 87 87
v 88 88
v 89 89
v 90 90
v 91 91
v 92 92
v 93 93
v 94 94
v 95 95
v 96 96
v 97 97
v 98 98
v 99 99
v 100 100
v 101 101
v 102 102
v 103 103
v 104 104
v 105 105
v 106 106
v 107 107
v 108 108
v 109 109
v 110 110
v 111 111
v 112 112
v 113 113
v 114 114
v 115 115
v 116 116
v 117 117
v 118 118
v 119 119
v 120 120
v 121 121
v 122 122
v 123 123
v 124 124
v 125 125
v 126 126
v 127 127
v 128 128
v 129 129
v 130 130
v 131 131
v 132 132
v 133 133
v 134 134
v 135 135
v 136 136
v 137 137
v 138 138
v 139 139
v 140 140
v 141 141
v 142 142
v 143 143
v 144 144
v 145 145
v 146 146
v 147 147
v 148 148
v 149 149
v 150 150
v 151 151
v 152 152
v 153 153
v 154 154
v 155 155
v 156 156
v 157 157
v 158 158
v 159 159
v 160 160
v 161 161
v 162 162
v 163 163
v 164 164
v 165 165
v 166 166
v 167 167
v 168 168
v 169 169
v 170 170
v 171 171
v 172 172
v 173 173
v 174 174
v 175 175
v 176 176
v 177 177
v 178 178
v 179 179
v 180 180
v 181 181
v 182 182
v 183 183
v 184 184
v 185 185
v 186 186
v 187 187
v 188 188
v 189 189
v 190 190
v 191 191
v 192 192
v 193 193
v 194 194
v 195 195
v 196 196
v 197 197
v 198 198
v 199 199
v 200 200
v 201 201
v 202 202
v 203 203
v 204 204
v 205 205
v 206 206
v 207 207
v 208 208
v 209 209
v 210 210
v 211 211
v 212 212
v 213 213
v 214 214
v 215 215
v 216 216
v 217 217
v 218 218
v 219 219
v 220 220
v 221 221
v 222 222
v 223 223
v 224 224
v 225 225
v 226 226
v 227 227
v 228 228
v 229 229
v 230 230
v 231 231
v 232 232
v 233 233
v 234 234
v 235 235
v 236 236
v 237 237
v 238 238
v 239 239
v 240 240
v 241 241
v 242 242
v 243 243
v 244 244
v 245 245
v 246 246
v 247 247
v 248 248
v 249 249
v 250 250
v 251 251
v 252 252
v 253 253
v 254 254
v 255 255
v 256 256
v 257 257
v 258 258
v 259 259
v 260 260
v 261 261
v 262 262
v 263 263
v 264 264
v 265 265
v 266 266
v 267 267
v 268 268
v 269 269
v 270 270
v 271 271
v 272 272
v 273 273
v 274 274
v 275 275
v 276 276
v 277 277
v 278 278
v 279 279
v 280 280
v 281 281
v 282 282
v 283 283
v 284 284
v 285 285
v 286 286
v 287 287
v 288 288
v 289 289
v 290 290
v 291 291
v 292 292
v 293 293
v 294 294
v 295 295
v 296 296
v 297 297
v 298 298
v 299 299
v 300 300
v 301 301
v 302 302
v 303 303
v 304 304
v 305 305
v 306 306
v 307 307
v 308 308
v 309 309
v 310 310
v 311 311
v 312 312
v 313 313
v 314 314
v 315 315
v 316 316
v 317 317
v 318 318
v 319 319
v 320 320
v 321 321
v 322 322
v 323 323
v 324 324
v 325 325
v 326 326
v 327 327
v 328 328
v 329 329
v 330 330
v 331 331
v 332 332
v 333 333
v 334 334
v 335 335
v 336 336
e 35 40 0
e 35 179 0
e 35 51 0
e 35 109 0
e 35 80 1
e 35 148 1
e 35 123 1
e 35 20 1
e 35 310 1
e 35 76 1
e 35 76 1
e 35 172 0
e 35 224 0
e 35 46 1
e 35 282 1
e 35 166 0
e 35 324 1
e 35 89 1
e 35 193 1
e 35 95 0
e 35 147 0
e 35 213 0
e 35 117 0
e 35 229 0
e 35 71 0
e 35 212 0
e 35 65 0
e 35 291 0
e 35 64 0
e 35 194 0
e 35 133 0
e 35 96 1
e 35 96 1
e 35 158 0
e 35 118 0
e 35 155 0
e 35 126 0
e 35 172 0
e 35 133 0
e 35 179 1
e 35 32 1
e 35 336 0
e 35 79 0
e 35 273 0
e 35 299 1
e 35 299 1
e 35 153 0
e 35 195 1
e 35 12 0
e 35 66 0
e 35 230 1
e 35 230 1
e 35 143 0
e 35 27 0
e 35 333 1
e 35 333 1
e 35 262 1
e 35 307 1
e 35 143 1
e 35 174 1
e 35 155 0
e 35 229 0
e 35 135 0
e 35 192 0
e 35 257 0
e 35 279 0
e 35 196 0
e 35 124 0
e 35 16 0
e 35 202 0
e 35 320 0
e 35 195 0
e 35 280 0
e 35 144 0
e 35 98 0
e 35 51 0
e 35 18 0
e 35 233 0
e 35 295 0
e 35 319 1
e 35 205 1
e 35 210 0
e 35 335 0
e 35 219 0
e 35 320 0
e 35 56 0
e 35 129 0
e 35 49 0
e 35 191 0
e 35 2 0
e 35 195 0
e 35 125 0
e 35 210 0
e 35 256 0
e 35 299 0
e 35 183 0
e 35 122 0
e 35 44 0
e 35 16 0
e 35 15 0
e 35 60 1
e 35 45 1
e 35 16 1
e 35 77 1
e 35 70 0
e 35 231 0
e 35 168 0
e 35 113 0
e 35 181 0
e 35 169 0
e 35 109 0
e 35 161 1
e 35 13 1
e 35 170 0
e 35 286 0
e 35 131 0
e 35 162 0
e 35 95 0
e 35 299 0
e 35 271 1
e 35 249 1
e 35 160 0
e 35 288 0
e 35 25 0
e 35 213 0
e 35 238 0
e 35 250 0
e 35 211 0
e 35 115 0
e 35 304 0
e 35 210 0
e 35 195 0
e 35 221 0
e 35 200 0
e 35 203 0
e 35 124 0
e 35 146 0
e 35 245 0
e 35 46 0
e 35 264 0
e 35 302 1
e 35 92 1
e 35 138 0
e 35 318 0
e 35 151 0
e 35 262 0
e 35 89 0
e 35 22 0
e 35 287 0
e 35 137 0
e 35 312 0
e 35 75 0
e 35 209 0
e 35 78 0
e 35 75 0
e 35 272 0
e 35 300 0
e 35 201 0
e 35 290 0
e 35 74 0
e 35 274 0
e 35 87 0
e 35 136 0
e 35 292 0
e 35 167 0
e 35 198 0
e 35 154 0
e 35 193 0
e 35 289 0
e 35 242 0
e 35 26 1
e 35 26 1
e 35 26 1
e 35 102 1
e 35 164 0
e 35 239 0
e 35 110 0
e 35 136 1
e 35 314 1
e 35 1 1
e 35 99 1
e 35 139 1
e 35 160 0
e 35 285 0
e 35 61 0
e 35 195 1
e 35 195 1
e 35 313 0
e 35 311 0
e 35 157 0
e 35 144 0
e 35 241 0
e 35 303 0
e 35 17 0
e 35 103 1
e 35 222 1
e 35 222 1
e 35 128 0
e 35 133 0
e 35 215 0
e 35 326 0
e 35 244 0
e 35 33 0
e 35 328 0
e 35 195 0
e 35 266 0
e 35 195 0
e 35 82 0
e 35 278 0
e 35 63 0
e 35 10 0
e 35 227 1
e 35 31 0
e 35 235 0
e 35 133 0
e 35 255 0
e 35 195 0
e 35 333 0
e 35 333 0
e 35 145 0
e 35 83 0
e 35 17 0
e 35 132 0
e 35 328 0
e 35 103 0
e 35 100 0
e 35 176 1
e 35 176 1
e 35 142 1
e 35 283 0
e 35 21 0
e 35 22 0
e 35 84 1
e 35 34 1
e 35 253 0
e 35 9 0
e 35 104 0
e 35 150 0
e 35 110 0
e 35 29 0
e 35 52 0
e 35 58 0
e 35 247 0
e 35 309 0
e 35 312 0
e 35 111 0
e 35 323 0
e 35 144 0
e 35 91 0
e 35 211 0
e 35 321 0
e 35 136 0
e 35 313 0
e 35 47 0
e 35 267 0
e 35 114 0
e 35 234 0
e 35 59 1
e 35 86 0
e 35 305 0
e 35 87 0
e 35 208 0
e 35 90 0
e 35 0 0
e 35 81 0
e 35 220 0
e 35 188 0
e 35 246 0
e 35 53 0
e 35 313 0
e 35 101 0
e 35 17 1
e 35 19 0
e 35 175 0
e 35 7 0
e 35 329 0
e 35 105 0
e 35 17 0
e 35 239 0
e 35 144 0
e 35 226 0
e 35 112 0
e 35 217 0
e 35 57 0
e 35 293 0
e 35 251 1
e 35 94 1
e 35 232 0
e 35 248 0
e 35 198 0
e 35 244 0
e 35 62 0
e 35 23 0
e 35 243 0
e 35 225 0
e 35 178 0
e 35 260 0
e 35 328 0
e 35 69 0
e 35 276 0
e 35 50 0
e 35 320 0
e 35 334 0
e 35 134 0
e 35 308 0
e 35 209 0
e 35 17 0
e 35 5 0
e 35 55 0
e 35 53 0
e 35 294 0
e 35 180 0
e 35 296 0
e 35 121 0
e 35 99 0
e 35 275 0
e 35 182 0
e 35 4 0
e 35 119 0
e 35 207 0
e 35 51 0
e 35 301 0
e 35 17 0
e 35 173 0
e 35 297 0
e 35 219 0
e 35 30 0
e 35 19 0
e 35 332 0
e 35 183 0
e 35 85 0
e 35 313 0
e 35 54 0
e 35 127 0
e 35 28 0
e 35 57 0
e 35 312 0
e 35 258 0
e 35 38 0
e 35 259 0
e 35 261 0
e 35 209 0
e 35 244 0
e 35 317 0
e 35 223 0
e 35 11 0
e 35 284 0
e 35 177 0
e 35 242 0
e 35 277 0
e 35 263 0
e 35 204 0
e 35 3 0
e 35 184 0
e 35 88 0
e 35 72 0
e 35 281 0
e 35 141 0
e 35 48 1
e 35 140 1
e 35 159 0
e 35 156 0
e 35 107 0
e 35 214 0
e 35 130 0
e 35 97 0
e 35 14 0
e 35 187 0
e 35 330 0
e 35 186 0
e 35 120 0
e 35 106 0
e 35 268 0
e 35 42 0
e 35 6 0
e 35 298 0
e 35 93 0
e 35 43 0
e 35 197 0
e 35 189 0
e 35 218 0
e 35 36 0
e 35 41 0
e 35 316 0
e 35 68 0
e 35 240 0
e 35 108 1
e 35 149 1
e 35 237 0
e 35 185 0
e 35 315 0
e 35 24 0
e 35 327 0
e 35 73 0
e 35 199 1
e 35 206 1
e 35 228 0
e 35 163 0
e 35 8 0
e 35 116 0
e 35 322 0
e 35 171 0
e 35 306 0
e 35 236 0
e 35 165 1
e 35 325 1
e 35 37 0
e 35 331 0
e 35 39 0
e 35 254 0
e 35 269 0
e 35 67 0
e 35 216 0
e 35 252 0
e 35 270 1
e 35 190 1
e 35 152 0
e 35 265 0
t # 44
v 0 0
v 1 1
v 2 2
v 3 3
v 4 4
v 5 5
v 6 6
v 7 7
v 8 8
v 9 9
v 10 10
v 11 11
v 12 12
v 13 13
e 0 3 0
e 0 7 0
e 0 10 0
e 0 9 0
e 0 13 0
e 0 4 0
e 0 12 0
e 0 11 0
e 0 6 0
e 0 1 2
e 0 8 2
e 0 2 2
e 0 5 0
t # 45
v 0 0
v 1 1
v 2 2
e 2 0 1
e 2 1 1
t # 46
v 0 0
v 1 1
v 2 2
v 3 3
e 2 1 0
e 2 3 0
e 2 0 0
t # 47
v 0 0
v 1 1
v 2 2
v 3 3
v 4 4
v 5 5
v 6 6
v 7 7
v 8 8
v 9 9
v 10 10
v 11 11
v 12 12
v 13 13
v 14 14
v 15 15
v 16 16
v 17 17
v 18 18
e 0 6 0
e 0 1 0
e 0 18 0
e 0 9 0
e 0 17 0
e 0 2 0
e 0 5 0
e 0 15 0
e 0 12 0
e 0 6 0
e 0 4 0
e 0 3 0
e 0 13 0
e 0 11 0
e 0 10 0
e 0 7 0
e 0 16 0
e 0 14 0
e 0 8 0
t # 48
v 0 0
v 1 1
v 2 2
v 3 3
v 4 4
v 5 5
v 6 6
v 7 7
v 8 8
v 9 9
v 10 10
v 11 11
v 12 12
v 13 13
v 14 14
v 15 15
v 16 16
v 17 17
v 18 18
v 19 19
v 20 20
v 21 21
v 22 22
v 23 23
v 24 24
v 25 25
v 26 26
v 27 27
v 28 28
v 29 29
v 30 30
v 31 31
v 32 32
v 33 33
v 34 34
v 35 35
v 36 36
v 37 37
v 38 38
v 39 39
v 40 40
v 41 41
v 42 42
v 43 43
v 44 44
v 45 45
v 46 46
v 47 47
v 48 48
v 49 49
v 50 50
v 51 51
v 52 52
v 53 53
v 54 54
v 55 55
v 56 56
v 57 57
v 58 58
v 59 59
e 10 54 0
e 10 11 0
e 10 24 0
e 10 50 0
e 10 21 0
e 10 45 0
e 10 2 0
e 10 48 1
e 10 41 1
e 10 26 1
e 10 6 1
e 10 7 1
e 10 55 1
e 10 14 0
e 10 0 0
e 10 31 1
e 10 53 1
e 10 52 0
e 10 20 0
e 10 33 1
e 10 17 1
e 10 49 1
e 10 3 1
e 10 8 0
e 10 1 1
e 10 12 1
e 10 35 0
e 10 4 2
e 10 32 2
e 10 34 2
e 10 29 2
e 10 29 2
e 10 13 2
e 10 22 0
e 10 5 2
e 10 36 2
e 10 58 2
e 10 23 0
e 10 59 0
e 10 9 1
e 10 46 1
e 10 42 1
e 10 25 1
e 10 56 1
e 10 38 1
e 10 15 0
e 10 18 0
e 10 36 2
e 10 37 2
e 10 58 2
e 10 30 0
e 10 29 1
e 10 44 1
e 10 37 1
e 10 47 1
e 10 51 0
e 10 13 1
e 10 13 1
e 10 57 1
e 10 28 1
e 10 43 1
e 10 16 1
e 10 39 0
e 10 19 1
e 10 27 1
e 10 47 1
e 10 40 1
e 10 40 1
t # 49
v 0 0
v 1 1
v 2 2
e 2 0 0
e 2 1 0
t # 50
v 0 0
v 1 1
e 1 0 0
t # 51
v 0 0
v 1 1
v 2 2
v 3 3
v 4 4
v 5 5
v 6 6
v 7 7
v 8 8
v 9 9
v 10 10
v 11 11
v 12 12
v 13 13
v 14 14
v 15 15
v 16 16
v 17 17
v 18 18
v 19 19
v 20 20
v 21 21
v 22 22
v 23 23
v 24 24
v 25 25
v 26 26
e 7 20 0
e 7 2 0
e 7 3 0
e 7 26 0
e 7 11 0
e 7 22 0
e 7 1 0
e 7 16 0
e 7 23 0
e 7 0 0
e 7 8 0
e 7 21 0
e 7 15 0
e 7 18 0
e 7 17 0
e 7 15 0
e 7 12 0
e 7 24 1
e 7 24 1
e 7 4 0
e 7 19 0
e 7 0 0
e 7 6 0
e 7 2 0
e 7 13 0
e 7 9 0
e 7 14 0
e 7 5 0
e 7 10 0
e 7 25 0
t # 52
v 0 0
v 1 1
v 2 2
v 3 3
v 4 4
v 5 5
v 6 6
e 6 3 0
e 6 5 0
e 6 1 0
e 6 4 0
e 6 2 0
e 6 0 0
t # 53
v 0 0
v 1 1
v 2 2
v 3 3
v 4 4
v 5 5
v 6 6
v 7 7
v 8 8
v 9 9
v 10 10
v 11 11
v 12 12
v 13 13
v 14 14
v 15 15
v 16 16
v 17 17
v 18 18
v 19 19
v 20 20
v 21 21
v 22 22
v 23 23
v 24 24
v 25 25
v 26 26
v 27 27
v 28 28
v 29 29
v 30 30
v 31 31
v 32 32
v 33 33
v 34 34
v 35 35
v 36 36
v 37 37
v 38 38
v 39 39
v 40 40
v 41 41
v 42 42
v 43 43
v 44 44
v 45 45
v 46 46
v 47 47
v 48 48
v 49 49
v 50 50
v 51 51
v 52 52
v 53 53
v 54 54
v 55 55
v 56 56
v 57 57
v 58 58
v 59 59
v 60 60
v 61 61
v 62 62
v 63 63
v 64 64
v 65 65
v 66 66
v 67 67
v 68 68
v 69 69
v 70 70
v 71 71
v 72 72
v 73 73
v 74 74
v 75 75
v 76 76
v 77 77
v 78 78
e 13 5 2
e 13 73 2
e 13 35 2
e 13 7 2
e 13 7 2
e 13 7 2
e 13 7 2
e 13 9 0
e 13 2 0
e 13 22 0
e 13 67 0
e 13 46 0
e 13 11 0
e 13 51 0
e 13 17 0
e 13 21 0
e 13 24 0
e 13 53 1
e 13 53 1
e 13 14 1
e 13 14 1
e 13 43 1
e 13 43 1
e 13 76 0
e 13 61 0
e 13 42 0
e 13 16 0
e 13 3 0
e 13 68 0
e 13 77 0
e 13 18 1
e 13 18 1
e 13 25 0
e 13 10 0
e 13 55 1
e 13 55 1
e 13 55 1
e 13 19 1
e 13 19 1
e 13 19 1
e 13 42 0
e 13 6 0
e 13 20 0
e 13 64 0
e 13 40 0
e 13 33 0
e 13 49 0
e 13 56 0
e 13 66 0
e 13 54 0
e 13 47 1
e 13 47 1
e 13 47 1
e 13 34 0
e 13 31 0
e 13 36 0
e 13 58 0
e 13 37 0
e 13 75 0
e 13 4 0
e 13 78 0
e 13 62 0
e 13 12 0
e 13 28 0
e 13 23 0
e 13 32 0
e 13 38 0
e 13 72 0
e 13 50 0
e 13 70 0
e 13 8 0
e 13 26 0
e 13 0 0
e 13 30 0
e 13 39 0
e 13 69 0
e 13 41 0
e 13 71 0
e 13 27 0
e 13 65 0
e 13 74 0
e 13 60 0
e 13 48 0
e 13 44 0
e 13 52 0
e 13 59 0
e 13 15 0
e 13 57 0
e 13 63 0
e 13 1 0
e 13 29 0
e 13 45 0
t # 54
v 0 0
v 1 1
v 2 2
v 3 3
v 4 4
v 5 5
v 6 6
v 7 7
v 8 8
v 9 9
v 10 10
v 11 11
v 12 12
e 1 8 0
e 1 9 0
e 1 10 0
e 1 12 0
e 1 4 0
e 1 11 0
e 1 5 0
e 1 3 0
e 1 2 0
e 1 0 0
e 1 6 0
e 1 7 0
t # 55
v 0 0
v 1 1
e 0 1 0
t # 56
v 0 0
v 1 1
v 2 2
v 3 3
e 1 2 0
e 1 3 0
e 1 0 0
t # 57
v 0 0
v 1 1
v 2 2
v 3 3
e 1 0 0
e 1 3 0
e 1 2 0
t # 58
v 0 0
v 1 1
v 2 2
v 3 3
v 4 4
v 5 5
v 6 6
e 1 2 0
e 1 0 0
e 1 4 0
e 1 5 0
e 1 3 0
e 1 6 0
t # 59
v 0 0
v 1 1
v 2 2
v 3 3
e 0 3 1
e 0 1 1
e 0 2 1
t # 60
v 0 0
v 1 1
v 2 2
v 3 3
v 4 4
v 5 5
e 4 1 0
e 4 3 1
e 4 5 1
e 4 2 1
e 4 0 1
t # 61
v 0 0
v 1 1
v 2 2
e 0 1 0
e 0 2 0
t # 62
v 0 0
v 1 1
v 2 2
v 3 3
v 4 4
v 5 5
v 6 6
v 7 7
e 2 5 0
e 2 3 0
e 2 0 0
e 2 1 2
e 2 1 2
e 2 1 2
e 2 1 2
e 2 1 2
e 2 4 2
e 2 7 2
e 2 6 2
t # 63
v 0 0
v 1 1
e 1 0 0
t # 64
v 0 0
v 1 1
e 1 0 0
t # 65
v 0 0
v 1 1
v 2 2
v 3 3
v 4 4
v 5 5
v 6 6
e 6 4 0
e 6 0 0
e 6 1 0
e 6 2 0
e 6 5 1
e 6 3 1
e 6 3 1
t # 66
v 0 0
v 1 1
v 2 2
v 3 3
v 4 4
v 5 5
v 6 6
v 7 7
v 8 8
v 9 9
v 10 10
v 11 11
v 12 12
v 13 13
v 14 14
v 15 15
e 4 10 0
e 4 14 0
e 4 13 0
e 4 0 0
e 4 15 0
e 4 5 0
e 4 7 0
e 4 2 0
e 4 12 0
e 4 5 0
e 4 11 0
e 4 6 0
e 4 3 0
e 4 12 0
e 4 5 0
e 4 1 0
e 4 8 0
e 4 9 0
t # 67
v 0 0
v 1 1
v 2 2
v 3 3
e 0 2 0
e 0 1 0
e 0 3 0
t # 68
v 0 0
v 1 1
v 2 2
v 3 3
v 4 4
v 5 5
v 6 6
v 7 7
v 8 8
v 9 9
v 10 10
v 11 11
v 12 12
v 13 13
v 14 14
v 15 15
v 16 16
v 17 17
v 18 18
v 19 19
v 20 20
v 21 21
v 22 22
e 7 2 0
e 7 12 0
e 7 11 0
e 7 13 0
e 7 15 0
e 7 0 0
e 7 9 1
e 7 9 1
e 7 18 0
e 7 19 0
e 7 8 0
e 7 5 0
e 7 22 0
e 7 3 0
e 7 14 0
e 7 17 0
e 7 21 1
e 7 21 1
e 7 10 0
e 7 1 0
e 7 6 0
e 7 20 1
e 7 20 1
e 7 4 0
e 7 16 0
t # 69
v 0 0
v 1 1
v 2 2
v 3 3
v 4 4
e 2 0 1
e 2 0 1
e 2 3 1
e 2 1 0
e 2 4 0
t # 70
v 0 0
v 1 1
v 2 2
v 3 3
v 4 4
v 5 5
v 6 6
v 7 7
e 3 6 1
e 3 6 1
e 3 4 0
e 3 7 0
e 3 1 0
e 3 2 0
e 3 0 0
e 3 5 0
t # 71
v 0 0
v 1 1
v 2 2
v 3 3
v 4 4
v 5 5
e 4 5 0
e 4 1 0
e 4 3 0
e 4 2 0
e 4 0 0
t # 72
v 0 0
v 1 1
v 2 2
e 2 1 1
e 2 1 1
e 2 0 1
t # 73
v 0 0
v 1 1
e 1 0 0
t # 74
v 0 0
v 1 1
e 0 1 0
t # 75
v 0 0
v 1 1
v 2 2
v 3 3
v 4 4
v 5 5
v 6 6
v 7 7
v 8 8
v 9 9
v 10 10
v 11 11
v 12 12
v 13 13
v 14 14
v 15 15
v 16 16
v 17 17
v 18 18
v 19 19
v 20 20
v 21 21
v 22 22
v 23 23
v 24 24
e 21 2 0
e 21 7 2
e 21 10 2
e 21 3 2
e 21 4 2
e 21 11 0
e 21 19 1
e 21 22 1
e 21 15 2
e 21 0 2
e 21 17 2
e 21 20 2
e 21 18 2
e 21 16 2
e 21 5 0
e 21 24 0
e 21 14 0
e 21 13 0
e 21 8 0
e 21 9 1
e 21 12 1
e 21 6 1
e 21 23 1
e 21 1 1
t # 76
v 0 0
v 1 1
v 2 2
v 3 3
v 4 4
v 5 5
v 6 6
v 7 7
v 8 8
v 9 9
v 10 10
v 11 11
v 12 12
v 13 13
v 14 14
v 15 15
v 16 16
v 17 17
v 18 18
v 19 19
v 20 20
v 21 21
v 22 22
v 23 23
v 24 24
v 25 25
v 26 26
v 27 27
v 28 28
v 29 29
v 30 30
v 31 31
v 32 32
e 26 10 0
e 26 6 0
e 26 20 0
e 26 8 0
e 26 5 0
e 26 18 0
e 26 14 1
e 26 14 1
e 26 25 1
e 26 13 0
e 26 32 0
e 26 17 0
e 26 31 0
e 26 21 0
e 26 24 0
e 26 3 0
e 26 15 0
e 26 16 0
e 26 11 0
e 26 27 0
e 26 4 0
e 26 7 0
e 26 22 0
e 26 29 0
e 26 9 0
e 26 0 0
e 26 2 0
e 26 19 0
e 26 23 0
e 26 28 0
e 26 12 0
e 26 1 0
e 26 30 0
t # 77
v 0 0
v 1 1
v 2 2
e 2 1 0
e 2 0 0
t # 78
v 0 0
v 1 1
e 1 0 0
t # 79
v 0 0
v 1 1
e 0 1 0
t # 80
v 0 0
v 1 1
v 2 2
v 3 3
v 4 4
v 5 5
v 6 6
v 7 7
e 1 7 0
e 1 6 0
e 1 3 0
e 1 2 0
e 1 4 0
e 1 0 0
e 1 5 0
t # 81
v 0 0
v 1 1
e 1 0 0
t # 82
v 0 0
v 1 1
v 2 2
v 3 3
e 1 0 0
e 1 2 1
e 1 3 1
e 1 3 1
t # 83
v 0 0
v 1 1
v 2 2
v 3 3
v 4 4
v 5 5
v 6 6
v 7 7
v 8 8
v 9 9
v 10 10
v 11 11
v 12 12
v 13 13
v 14 14
v 15 15
v 16 16
v 17 17
v 18 18
v 19 19
v 20 20
v 21 21
v 22 22
v 23 23
v 24 24
v 25 25
v 26 26
v 27 27
v 28 28
v 29 29
v 30 30
v 31 31
v 32 32
v 33 33
v 34 34
v 35 35
v 36 36
v 37 37
v 38 38
v 39 39
v 40 40
v 41 41
v 42 42
v 43 43
v 44 44
v 45 45
v 46 46
v 47 47
v 48 48
v 49 49
v 50 50
v 51 51
v 52 52
v 53 53
v 54 54
v 55 55
v 56 56
v 57 57
v 58 58
v 59 59
v 60 60
v 61 61
v 62 62
v 63 63
v 64 64
v 65 65
v 66 66
v 67 67
v 68 68
v 69 69
v 70 70
v 71 71
v 72 72
v 73 73
v 74 74
v 75 75
v 76 76
v 77 77
v 78 78
v 79 79
v 80 80
v 81 81
v 82 82
v 83 83
v 84 84
v 85 85
v 86 86
v 87 87
v 88 88
v 89 89
v 90 90
v 91 91
v 92 92
v 93 93
v 94 94
v 95 95
v 96 96
v 97 97
v 98 98
v 99 99
v 100 100
v 101 101
v 102 102
v 103 103
v 104 104
v 105 105
v 106 106
v 107 107
v 108 108
v 109 109
v 110 110
v 111 111
v 112 112
v 113 113
v 114 114
v 115 115
v 116 116
v 117 117
v 118 118
v 119 119
v 120 120
v 121 121
v 122 122
v 123 123
v 124 124
v 125 125
e 76 73 0
e 76 7 0
e 76 74 0
e 76 54 0
e 76 87 0
e 76 81 0
e 76 3 0
e 76 97 0
e 76 18 0
e 76 28 0
e 76 101 0
e 76 34 0
e 76 62 0
e 76 112 0
e 76 29 0
e 76 118 0
e 76 54 0
e 76 78 0
e 76 82 0
e 76 5 0
e 76 55 0
e 76 92 0
e 76 35 0
e 76 24 0
e 76 66 1
e 76 123 0
e 76 105 0
e 76 114 0
e 76 51 0
e 76 51 0
e 76 38 0
e 76 58 0
e 76 70 0
e 76 123 0
e 76 119 0
e 76 96 0
e 76 107 0
e 76 83 0
e 76 84 0
e 76 8 0
e 76 16 0
e 76 123 0
e 76 63 0
e 76 10 0
e 76 109 0
e 76 0 0
e 76 67 0
e 76 125 0
e 76 50 0
e 76 49 0
e 76 36 0
e 76 27 0
e 76 111 0
e 76 91 0
e 76 2 0
e 76 98 0
e 76 72 0
e 76 102 0
e 76 11 0
e 76 39 0
e 76 57 0
e 76 45 0
e 76 115 0
e 76 9 0
e 76 21 0
e 76 37 0
e 76 25 0
e 76 106 0
e 76 69 0
e 76 31 0
e 76 79 0
e 76 56 0
e 76 124 0
e 76 93 0
e 76 71 0
e 76 89 0
e 76 4 0
e 76 113 0
e 76 19 0
e 76 46 0
e 76 110 0
e 76 53 0
e 76 95 0
e 76 104 0
e 76 13 0
e 76 94 0
e 76 17 0
e 76 100 0
e 76 64 0
e 76 77 0
e 76 43 0
e 76 1 0
e 76 12 0
e 76 22 0
e 76 80 0
e 76 60 0
e 76 59 0
e 76 117 0
e 76 32 0
e 76 88 0
e 76 33 0
e 76 40 0
e 76 52 0
e 76 47 0
e 76 30 0
e 76 42 0
e 76 108 0
e 76 90 0
e 76 85 0
e 76 48 0
e 76 96 0
e 76 123 0
e 76 99 0
e 76 6 0
e 76 116 0
e 76 20 0
e 76 120 0
e 76 23 0
e 76 47 0
e 76 18 0
e 76 44 0
e 76 121 0
e 76 75 0
e 76 14 0
e 76 61 0
e 76 26 0
e 76 65 0
e 76 41 0
e 76 34 0
e 76 68 0
e 76 86 0
e 76 82 0
e 76 122 0
e 76 15 0
e 76 103 0
t # 84
v 0 0
v 1 1
v 2 2
v 3 3
v 4 4
v 5 5
v 6 6
v 7 7
v 8 8
v 9 9
v 10 10
v 11 11
v 12 12
v 13 13
v 14 14
v 15 15
v 16 16
e 11 15 0
e 11 2 0
e 11 7 0
e 11 14 0
e 11 0 0
e 11 3 0
e 11 12 0
e 11 9 0
e 11 13 0
e 11 1 0
e 11 4 0
e 11 8 0
e 11 6 0
e 11 16 0
e 11 5 0
e 11 10 0
t # 85
v 0 0
v 1 1
v 2 2
v 3 3
e 1 0 1
e 1 2 1
e 1 3 0
t # 86
v 0 0
v 1 1
v 2 2
e 0 2 1
e 0 1 1
t # 87
v 0 0
v 1 1
v 2 2
v 3 3
e 3 1 1
e 3 2 1
e 3 0 1
t # 88
v 0 0
v 1 1
v 2 2
v 3 3
v 4 4
v 5 5
v 6 6
v 7 7
v 8 8
v 9 9
v 10 10
v 11 11
v 12 12
v 13 13
v 14 14
v 15 15
v 16 16
v 17 17
v 18 18
v 19 19
v 20 20
v 21 21
v 22 22
v 23 23
v 24 24
v 25 25
v 26 26
v 27 27
v 28 28
v 29 29
v 30 30
v 31 31
v 32 32
v 33 33
v 34 34
v 35 35
e 15 4 1
e 15 13 1
e 15 11 1
e 15 23 1
e 15 2 0
e 15 25 0
e 15 35 0
e 15 30 0
e 15 6 0
e 15 8 0
e 15 34 0
e 15 27 0
e 15 10 0
e 15 14 0
e 15 3 0
e 15 24 0
e 15 12 0
e 15 5 0
e 15 26 0
e 15 19 0
e 15 3 0
e 15 31 0
e 15 28 0
e 15 32 0
e 15 0 0
e 15 33 0
e 15 22 0
e 15 3 0
e 15 17 0
e 15 20 0
e 15 29 0
e 15 16 0
e 15 18 0
e 15 9 0
e 15 1 0
e 15 21 0
e 15 7 0
e 15 3 0
e 15 3 0
e 15 3 0
t # 89
v 0 0
v 1 1
v 2 2
v 3 3
v 4 4
e 1 2 1
e 1 3 1
e 1 4 1
e 1 0 1
t # 90
v 0 0
v 1 1
v 2 2
v 3 3
v 4 4
v 5 5
v 6 6
v 7 7
v 8 8
e 7 2 0
e 7 1 0
e 7 6 0
e 7 3 0
e 7 0 0
e 7 4 0
e 7 8 0
e 7 5 1
e 7 5 1
t # 91
v 0 0
v 1 1
v 2 2
v 3 3
v 4 4
v 5 5
v 6 6
v 7 7
v 8 8
e 4 8 1
e 4 6 1
e 4 0 1
e 4 5 2
e 4 5 2
e 4 5 2
e 4 5 2
e 4 5 2
e 4 6 2
e 4 2 2
e 4 2 2
e 4 2 2
e 4 2 2
e 4 1 2
e 4 3 1
e 4 7 1
t # 92
v 0 0
v 1 1
e 1 0 0
e 1 0 0
t # 93
v 0 0
v 1 1
e 1 0 0
t # 94
v 0 0
v 1 1
v 2 2
e 1 2 0
e 1 0 0
t # 95
v 0 0
v 1 1
v 2 2
e 1 2 0
e 1 0 0
t # 96
v 0 0
v 1 1
v 2 2
v 3 3
v 4 4
v 5 5
v 6 6
e 0 3 0
e 0 5 0
e 0 4 0
e 0 6 0
e 0 2 0
e 0 1 0
t # 97
v 0 0
v 1 1
v 2 2
v 3 3
v 4 4
v 5 5
v 6 6
e 2 3 0
e 2 0 0
e 2 1 0
e 2 6 0
e 2 5 0
e 2 4 0
t # 98
v 0 0
v 1 1
e 0 1 0
t # 99
v 0 0
v 1 1
e 1 0 0
t # 100
v 0 0
v 1 1
e 1 0 0
t # 101
v 0 0
v 1 1
v 2 2
v 3 3
v 4 4
v 5 5
v 6 6
v 7 7
v 8 8
v 9 9
v 10 10
v 11 11
v 12 12
v 13 13
v 14 14
v 15 15
v 16 16
v 17 17
e 5 7 0
e 5 4 0
e 5 6 0
e 5 3 0
e 5 13 0
e 5 9 0
e 5 11 0
e 5 8 0
e 5 1 0
e 5 15 0
e 5 16 0
e 5 17 0
e 5 2 0
e 5 14 0
e 5 0 0
e 5 10 0
e 5 12 0
t # 102
v 0 0
v 1 1
v 2 2
v 3 3
v 4 4
v 5 5
v 6 6
v 7 7
v 8 8
v 9 9
v 10 10
v 11 11
v 12 12
e 8 3 0
e 8 4 0
e 8 0 0
e 8 7 0
e 8 1 0
e 8 6 0
e 8 12 0
e 8 5 0
e 8 9 0
e 8 11 0
e 8 10 0
e 8 2 0
t # 103
v 0 0
v 1 1
e 0 1 0
t # 104
v 0 0
v 1 1
e 0 1 0
t # 105
v 0 0
v 1 1
v 2 2
v 3 3
v 4 4
v 5 5
e 4 5 0
e 4 1 0
e 4 3 0
e 4 2 0
e 4 0 0
t # 106
v 0 0
v 1 1
e 1 0 0
t # 107
v 0 0
v 1 1
v 2 2
v 3 3
v 4 4
v 5 5
v 6 6
v 7 7
v 8 8
v 9 9
v 10 10
v 11 11
v 12 12
v 13 13
v 14 14
v 15 15
v 16 16
v 17 17
v 18 18
v 19 19
v 20 20
v 21 21
v 22 22
v 23 23
v 24 24
v 25 25
v 26 26
v 27 27
v 28 28
v 29 29
v 30 30
v 31 31
v 32 32
v 33 33
v 34 34
v 35 35
v 36 36
v 37 37
v 38 38
v 39 39
v 40 40
v 41 41
v 42 42
v 43 43
v 44 44
v 45 45
v 46 46
v 47 47
v 48 48
v 49 49
v 50 50
v 51 51
v 52 52
v 53 53
v 54 54
v 55 55
v 56 56
v 57 57
v 58 58
v 59 59
v 60 60
v 61 61
v 62 62
e 60 22 1
e 60 22 1
e 60 61 2
e 60 61 2
e 60 61 2
e 60 30 2
e 60 30 2
e 60 30 2
e 60 26 2
e 60 52 2
e 60 25 2
e 60 25 2
e 60 10 2
e 60 10 2
e 60 10 2
e 60 10 2
e 60 10 2
e 60 37 2
e 60 53 2
e 60 24 2
e 60 24 2
e 60 24 2
e 60 22 2
e 60 22 2
e 60 22 2
e 60 22 2
e 60 22 2
e 60 34 0
e 60 35 1
e 60 35 1
e 60 36 0
e 60 8 0
e 60 7 1
e 60 7 1
e 60 27 0
e 60 21 0
e 60 0 0
e 60 57 0
e 60 11 0
e 60 16 0
e 60 48 0
e 60 3 0
e 60 20 0
e 60 44 0
e 60 18 0
e 60 31 0
e 60 23 0
e 60 45 0
e 60 41 0
e 60 4 0
e 60 12 0
e 60 28 0
e 60 32 0
e 60 58 0
e 60 49 0
e 60 9 0
e 60 46 0
e 60 14 0
e 60 38 0
e 60 5 0
e 60 56 0
e 60 17 0
e 60 19 0
e 60 1 0
e 60 59 1
e 60 43 0
e 60 13 0
e 60 47 1
e 60 29 0
e 60 39 0
e 60 33 0
e 60 50 0
e 60 6 0
e 60 51 0
e 60 62 0
e 60 15 0
e 60 55 2
e 60 40 2
e 60 54 2
e 60 29 0
e 60 42 0
e 60 2 0
t # 108
v 0 0
v 1 1
e 0 1 0
t # 109
v 0 0
v 1 1
v 2 2
v 3 3
v 4 4
v 5 5
v 6 6
v 7 7
v 8 8
v 9 9
e 5 9 2
e 5 6 2
e 5 3 2
e 5 8 2
e 5 7 2
e 5 0 2
e 5 4 2
e 5 1 2
e 5 2 2
t # 110
v 0 0
v 1 1
e 1 0 0
t # 111
v 0 0
v 1 1
v 2 2
v 3 3
v 4 4
v 5 5
v 6 6
v 7 7
e 7 4 0
e 7 0 0
e 7 2 0
e 7 5 0
e 7 1 0
e 7 3 0
e 7 6 0
t # 112
v 0 0
v 1 1
e 1 0 0
t # 113
v 0 0
v 1 1
e 1 0 0
t # 114
v 0 0
v 1 1
e 1 0 0
t # 115
v 0 0
v 1 1
v 2 2
v 3 3
e 0 2 1
e 0 1 1
e 0 3 1
t # 116
v 0 0
v 1 1
e 1 0 0
t # 117
v 0 0
v 1 1
v 2 2
v 3 3
v 4 4
v 5 5
v 6 6
v 7 7
v 8 8
v 9 9
v 10 10
v 11 11
v 12 12
v 13 13
v 14 14
v 15 15
v 16 16
v 17 17
v 18 18
v 19 19
v 20 20
v 21 21
v 22 22
v 23 23
v 24 24
v 25 25
v 26 26
v 27 27
v 28 28
v 29 29
v 30 30
v 31 31
v 32 32
v 33 33
v 34 34
v 35 35
v 36 36
v 37 37
v 38 38
v 39 39
v 40 40
v 41 41
v 42 42
v 43 43
v 44 44
v 45 45
e 5 35 2
e 5 33 2
e 5 2 2
e 5 30 2
e 5 12 2
e 5 45 2
e 5 40 2
e 5 27 2
e 5 28 2
e 5 39 2
e 5 15 2
e 5 11 0
e 5 24 0
e 5 6 0
e 5 41 0
e 5 10 0
e 5 4 0
e 5 31 0
e 5 43 0
e 5 37 0
e 5 9 1
e 5 18 1
e 5 32 0
e 5 13 0
e 5 25 0
e 5 22 0
e 5 19 0
e 5 1 0
e 5 7 0
e 5 1 0
e 5 44 0
e 5 36 0
e 5 17 0
e 5 29 0
e 5 14 0
e 5 42 0
e 5 16 0
e 5 38 0
e 5 8 0
e 5 26 0
e 5 20 0
e 5 42 0
e 5 0 0
e 5 34 0
e 5 3 0
e 5 21 0
e 5 3 0
e 5 23 0
t # 118
v 0 0
v 1 1
e 1 0 0
t # 119
v 0 0
v 1 1
e 0 1 0
t # 120
v 0 0
v 1 1
v 2 2
e 2 1 0
e 2 0 0
t # 121
v 0 0
v 1 1
e 0 1 0
t # 122
v 0 0
v 1 1
e 0 1 0
t # 123
v 0 0
v 1 1
v 2 2
e 2 1 0
e 2 0 0
t # 124
v 0 0
v 1 1
e 0 1 0
t # 125
v 0 0
v 1 1
v 2 2
e 1 0 1
e 1 2 1
t # 126
v 0 0
v 1 1
e 1 0 0
t # 127
v 0 0
v 1 1
v 2 2
v 3 3
v 4 4
v 5 5
v 6 6
v 7 7
v 8 8
v 9 9
e 8 0 0
e 8 2 0
e 8 1 0
e 8 3 0
e 8 6 0
e 8 4 0
e 8 5 0
e 8 9 0
e 8 7 0
t # 128
v 0 0
v 1 1
e 1 0 0
t # 129
v 0 0
v 1 1
e 1 0 0
t # 130
v 0 0
v 1 1
v 2 2
v 3 3
v 4 4
v 5 5
v 6 6
v 7 7
v 8 8
v 9 9
v 10 10
e 4 1 1
e 4 1 1
e 4 1 1
e 4 6 1
e 4 6 1
e 4 6 1
e 4 10 1
e 4 3 2
e 4 3 2
e 4 3 2
e 4 3 2
e 4 8 2
e 4 9 2
e 4 7 0
e 4 5 1
e 4 2 1
e 4 2 1
e 4 0 1
e 4 0 1
e 4 0 1
t # 131
v 0 0
v 1 1
e 0 1 0
t # 132
v 0 0
v 1 1
e 1 0 0
e 1 0 0
t # 133
v 0 0
v 1 1
v 2 2
v 3 3
v 4 4
v 5 5
v 6 6
v 7 7
v 8 8
v 9 9
v 10 10
v 11 11
v 12 12
v 13 13
v 14 14
v 15 15
v 16 16
v 17 17
v 18 18
e 15 16 2
e 15 5 2
e 15 4 2
e 15 2 2
e 15 12 2
e 15 11 2
e 15 9 2
e 15 6 2
e 15 1 2
e 15 17 2
e 15 18 2
e 15 3 2
e 15 8 2
e 15 10 2
e 15 0 2
e 15 7 2
e 15 14 2
e 15 13 2
t # 134
v 0 0
v 1 1
e 0 1 0
t # 135
v 0 0
v 1 1
v 2 2
v 3 3
v 4 4
v 5 5
e 0 2 0
e 0 4 0
e 0 3 1
e 0 1 0
e 0 5 0
t # 136
v 0 0
v 1 1
v 2 2
v 3 3
v 4 4
v 5 5
v 6 6
v 7 7
e 0 6 2
e 0 5 2
e 0 1 2
e 0 4 2
e 0 3 2
e 0 7 2
e 0 2 0
t # 137
v 0 0
v 1 1
v 2 2
v 3 3
v 4 4
v 5 5
v 6 6
v 7 7
v 8 8
e 0 5 0
e 0 6 0
e 0 2 0
e 0 1 0
e 0 8 0
e 0 3 0
e 0 7 0
e 0 4 0
t # 138
v 0 0
v 1 1
v 2 2
v 3 3
v 4 4
v 5 5
v 6 6
v 7 7
v 8 8
v 9 9
v 10 10
v 11 11
v 12 12
v 13 13
v 14 14
v 15 15
v 16 16
v 17 17
v 18 18
v 19 19
v 20 20
v 21 21
v 22 22
v 23 23
v 24 24
v 25 25
v 26 26
v 27 27
v 28 28
v 29 29
v 30 30
v 31 31
v 32 32
v 33 33
v 34 34
v 35 35
v 36 36
v 37 37
v 38 38
v 39 39
v 40 40
v 41 41
v 42 42
v 43 43
v 44 44
v 45 45
v 46 46
e 30 45 1
e 30 15 1
e 30 33 1
e 30 31 1
e 30 27 2
e 30 22 2
e 30 22 2
e 30 8 2
e 30 10 2
e 30 35 2
e 30 35 2
e 30 6 2
e 30 6 2
e 30 0 0
e 30 39 0
e 30 29 0
e 30 41 1
e 30 21 1
e 30 23 1
e 30 34 0
e 30 3 0
e 30 1 1
e 30 1 1
e 30 18 0
e 30 37 0
e 30 13 1
e 30 44 1
e 30 5 0
e 30 26 1
e 30 26 1
e 30 4 1
e 30 7 1
e 30 7 1
e 30 46 0
e 30 2 0
e 30 38 0
e 30 12 1
e 30 24 1
e 30 16 1
e 30 32 1
e 30 40 1
e 30 14 1
e 30 42 1
e 30 43 1
e 30 35 0
e 30 17 1
e 30 11 1
e 30 19 0
e 30 9 0
e 30 28 0
e 30 20 0
e 30 36 0
e 30 25 0
t # 139
v 0 0
v 1 1
v 2 2
v 3 3
v 4 4
v 5 5
v 6 6
v 7 7
v 8 8
e 0 7 0
e 0 6 0
e 0 5 0
e 0 4 0
e 0 3 0
e 0 1 0
e 0 8 0
e 0 2 0
t # 140
v 0 0
v 1 1
e 0 1 0
t # 141
v 0 0
v 1 1
v 2 2
v 3 3
e 1 2 0
e 1 3 0
e 1 0 0
t # 142
v 0 0
v 1 1
v 2 2
v 3 3
v 4 4
v 5 5
v 6 6
v 7 7
v 8 8
v 9 9
v 10 10
v 11 11
v 12 12
v 13 13
v 14 14
v 15 15
v 16 16
v 17 17
v 18 18
v 19 19
v 20 20
v 21 21
v 22 22
v 23 23
v 24 24
v 25 25
v 26 26
v 27 27
v 28 28
v 29 29
v 30 30
v 31 31
v 32 32
v 33 33
v 34 34
v 35 35
v 36 36
v 37 37
v 38 38
v 39 39
v 40 40
v 41 41
v 42 42
v 43 43
v 44 44
v 45 45
v 46 46
v 47 47
v 48 48
v 49 49
v 50 50
v 51 51
v 52 52
v 53 53
v 54 54
v 55 55
v 56 56
v 57 57
v 58 58
v 59 59
v 60 60
v 61 61
v 62 62
v 63 63
v 64 64
v 65 65
v 66 66
v 67 67
v 68 68
v 69 69
v 70 70
v 71 71
v 72 72
v 73 73
v 74 74
v 75 75
v 76 76
v 77 77
v 78 78
v 79 79
v 80 80
v 81 81
v 82 82
v 83 83
v 84 84
v 85 85
v 86 86
v 87 87
v 88 88
v 89 89
v 90 90
v 91 91
v 92 92
e 83 19 1
e 83 84 1
e 83 11 1
e 83 61 2
e 83 32 2
e 83 54 2
e 83 87 2
e 83 8 2
e 83 53 2
e 83 26 2
e 83 77 2
e 83 29 2
e 83 0 2
e 83 40 2
e 83 49 0
e 83 80 1
e 83 12 1
e 83 68 2
e 83 68 2
e 83 2 2
e 83 2 2
e 83 2 2
e 83 10 2
e 83 43 2
e 83 41 1
e 83 18 1
e 83 72 1
e 83 44 1
e 83 16 1
e 83 89 1
e 83 24 0
e 83 35 0
e 83 85 0
e 83 52 0
e 83 86 0
e 83 7 0
e 83 36 0
e 83 55 0
e 83 82 0
e 83 42 0
e 83 33 2
e 83 33 2
e 83 34 2
e 83 92 2
e 83 92 2
e 83 92 2
e 83 58 0
e 83 91 1
e 83 63 1
e 83 57 1
e 83 20 2
e 83 71 2
e 83 47 2
e 83 67 2
e 83 75 2
e 83 3 2
e 83 14 2
e 83 13 2
e 83 31 2
e 83 6 1
e 83 22 1
e 83 59 1
e 83 1 1
e 83 60 1
e 83 74 0
e 83 38 0
e 83 25 0
e 83 78 0
e 83 15 0
e 83 56 0
e 83 45 0
e 83 17 2
e 83 39 2
e 83 64 2
e 83 88 2
e 83 48 2
e 83 28 2
e 83 66 2
e 83 9 2
e 83 27 1
e 83 70 1
e 83 79 1
e 83 76 1
e 83 23 0
e 83 30 1
e 83 37 1
e 83 69 0
e 83 62 2
e 83 50 2
e 83 21 2
e 83 51 2
e 83 73 2
e 83 65 2
e 83 5 2
e 83 46 2
e 83 90 0
e 83 4 1
e 83 81 1
t # 143
v 0 0
v 1 1
v 2 2
v 3 3
v 4 4
v 5 5
v 6 6
v 7 7
v 8 8
v 9 9
v 10 10
v 11 11
v 12 12
v 13 13
v 14 14
v 15 15
v 16 16
v 17 17
v 18 18
v 19 19
v 20 20
v 21 21
v 22 22
v 23 23
v 24 24
v 25 25
v 26 26
v 27 27
v 28 28
v 29 29
v 30 30
v 31 31
v 32 32
v 33 33
v 34 34
v 35 35
v 36 36
v 37 37
v 38 38
v 39 39
v 40 40
v 41 41
v 42 42
v 43 43
v 44 44
v 45 45
v 46 46
v 47 47
v 48 48
e 10 11 0
e 10 33 0
e 10 13 0
e 10 23 0
e 10 4 0
e 10 1 0
e 10 34 0
e 10 3 0
e 10 31 0
e 10 27 0
e 10 21 0
e 10 35 0
e 10 7 0
e 10 12 0
e 10 29 0
e 10 36 0
e 10 44 0
e 10 14 0
e 10 7 0
e 10 15 0
e 10 24 0
e 10 20 0
e 10 18 0
e 10 32 0
e 10 39 0
e 10 47 0
e 10 16 0
e 10 5 0
e 10 26 0
e 10 0 0
e 10 42 0
e 10 9 0
e 10 2 0
e 10 6 0
e 10 30 0
e 10 37 0
e 10 43 0
e 10 40 0
e 10 47 0
e 10 22 0
e 10 45 0
e 10 19 0
e 10 8 0
e 10 38 0
e 10 25 0
e 10 46 0
e 10 48 0
e 10 41 0
e 10 0 0
e 10 17 0
e 10 28 0
t # 144
v 0 0
v 1 1
v 2 2
v 3 3
v 4 4
v 5 5
v 6 6
e 4 1 0
e 4 0 0
e 4 5 0
e 4 3 1
e 4 6 1
e 4 2 0
t # 145
v 0 0
v 1 1
v 2 2
v 3 3
e 2 1 0
e 2 0 0
e 2 3 0
t # 146
v 0 0
v 1 1
v 2 2
v 3 3
v 4 4
v 5 5
v 6 6
v 7 7
v 8 8
v 9 9
v 10 10
v 11 11
v 12 12
v 13 13
v 14 14
v 15 15
v 16 16
v 17 17
v 18 18
v 19 19
v 20 20
v 21 21
v 22 22
v 23 23
v 24 24
v 25 25
v 26 26
v 27 27
v 28 28
v 29 29
v 30 30
v 31 31
v 32 32
v 33 33
v 34 34
v 35 35
v 36 36
e 20 23 0
e 20 14 1
e 20 33 0
e 20 1 0
e 20 17 0
e 20 21 0
e 20 3 0
e 20 19 0
e 20 24 1
e 20 1 1
e 20 26 0
e 20 9 0
e 20 30 0
e 20 2 0
e 20 10 0
e 20 18 0
e 20 4 0
e 20 32 0
e 20 12 0
e 20 36 0
e 20 5 0
e 20 13 0
e 20 29 0
e 20 31 0
e 20 22 0
e 20 11 0
e 20 27 0
e 20 25 0
e 20 16 0
e 20 0 0
e 20 34 0
e 20 7 0
e 20 28 0
e 20 35 0
e 20 15 0
e 20 6 0
e 20 8 0
t # 147
v 0 0
v 1 1
v 2 2
v 3 3
v 4 4
v 5 5
v 6 6
v 7 7
v 8 8
v 9 9
v 10 10
v 11 11
v 12 12
v 13 13
v 14 14
v 15 15
v 16 16
v 17 17
v 18 18
v 19 19
v 20 20
v 21 21
v 22 22
v 23 23
v 24 24
v 25 25
e 4 9 0
e 4 3 1
e 4 3 1
e 4 15 1
e 4 6 0
e 4 19 0
e 4 19 0
e 4 15 1
e 4 25 1
e 4 23 0
e 4 17 0
e 4 1 0
e 4 8 0
e 4 12 2
e 4 12 2
e 4 12 2
e 4 12 2
e 4 24 2
e 4 24 2
e 4 24 2
e 4 18 2
e 4 18 2
e 4 0 2
e 4 0 2
e 4 0 2
e 4 0 2
e 4 10 2
e 4 10 2
e 4 10 2
e 4 11 2
e 4 11 2
e 4 13 2
e 4 21 2
e 4 21 2
e 4 5 2
e 4 22 2
e 4 22 2
e 4 20 2
e 4 20 2
e 4 12 2
e 4 12 2
e 4 14 2
e 4 14 2
e 4 2 2
e 4 2 2
e 4 16 2
e 4 7 2
t # 148
v 0 0
v 1 1
v 2 2
v 3 3
v 4 4
v 5 5
v 6 6
e 0 4 1
e 0 4 1
e 0 2 1
e 0 5 1
e 0 3 0
e 0 6 0
e 0 1 0
t # 149
v 0 0
v 1 1
v 2 2
v 3 3
v 4 4
v 5 5
e 3 2 0
e 3 5 0
e 3 4 1
e 3 0 0
e 3 1 1
t # 150
v 0 0
v 1 1
v 2 2
v 3 3
v 4 4
v 5 5
e 3 4 1
e 3 0 1
e 3 5 1
e 3 2 0
e 3 1 0
t # 151
v 0 0
v 1 1
v 2 2
e 0 1 0
e 0 2 0
t # 152
v 0 0
v 1 1
e 1 0 0
t # 153
v 0 0
v 1 1
v 2 2
v 3 3
e 1 2 0
e 1 0 0
e 1 3 0
t # 154
v 0 0
v 1 1
e 0 1 0
t # 155
v 0 0
v 1 1
v 2 2
v 3 3
v 4 4
e 3 0 0
e 3 1 0
e 3 2 0
e 3 4 0
t # 156
v 0 0
v 1 1
v 2 2
v 3 3
v 4 4
v 5 5
v 6 6
v 7 7
v 8 8
v 9 9
v 10 10
v 11 11
v 12 12
v 13 13
v 14 14
v 15 15
v 16 16
v 17 17
v 18 18
v 19 19
v 20 20
v 21 21
v 22 22
v 23 23
v 24 24
v 25 25
v 26 26
v 27 27
v 28 28
v 29 29
e 0 7 0
e 0 28 0
e 0 2 0
e 0 13 0
e 0 14 0
e 0 26 0
e 0 23 0
e 0 12 0
e 0 29 0
e 0 22 0
e 0 16 0
e 0 9 0
e 0 4 0
e 0 21 0
e 0 24 0
e 0 10 0
e 0 5 2
e 0 11 2
e 0 15 2
e 0 27 2
e 0 20 2
e 0 17 2
e 0 10 0
e 0 18 1
e 0 3 1
e 0 6 1
e 0 1 1
e 0 25 0
e 0 19 0
e 0 8 0
t # 157
v 0 0
v 1 1
v 2 2
e 2 0 0
e 2 1 0
t # 158
v 0 0
v 1 1
v 2 2
v 3 3
v 4 4
v 5 5
v 6 6
e 2 6 0
e 2 3 1
e 2 4 1
e 2 0 1
e 2 1 0
e 2 5 0
t # 159
v 0 0
v 1 1
e 0 1 0
t # 160
v 0 0
v 1 1
v 2 2
v 3 3
v 4 4
v 5 5
e 2 3 0
e 2 1 0
e 2 4 2
e 2 4 2
e 2 4 2
e 2 4 2
e 2 4 2
e 2 0 2
e 2 5 0
t # 161
v 0 0
v 1 1
v 2 2
e 1 2 1
e 1 0 1
t # 162
v 0 0
v 1 1
e 0 1 1
t # 163
v 0 0
v 1 1
v 2 2
v 3 3
v 4 4
v 5 5
v 6 6
v 7 7
v 8 8
v 9 9
v 10 10
v 11 11
v 12 12
v 13 13
v 14 14
v 15 15
v 16 16
v 17 17
v 18 18
v 19 19
v 20 20
v 21 21
v 22 22
v 23 23
v 24 24
v 25 25
v 26 26
v 27 27
v 28 28
v 29 29
v 30 30
v 31 31
v 32 32
v 33 33
v 34 34
v 35 35
v 36 36
v 37 37
v 38 38
v 39 39
v 40 40
v 41 41
v 42 42
v 43 43
v 44 44
v 45 45
v 46 46
v 47 47
v 48 48
v 49 49
v 50 50
v 51 51
v 52 52
v 53 53
v 54 54
v 55 55
v 56 56
v 57 57
v 58 58
v 59 59
v 60 60
v 61 61
v 62 62
v 63 63
v 64 64
e 11 32 0
e 11 33 0
e 11 5 0
e 11 14 1
e 11 48 1
e 11 23 0
e 11 2 0
e 11 37 0
e 11 15 0
e 11 44 0
e 11 30 0
e 11 1 0
e 11 20 0
e 11 43 0
e 11 41 1
e 11 25 1
e 11 40 0
e 11 46 1
e 11 63 1
e 11 7 0
e 11 27 0
e 11 55 0
e 11 61 1
e 11 16 1
e 11 54 0
e 11 56 0
e 11 24 0
e 11 57 0
e 11 26 1
e 11 26 1
e 11 62 1
e 11 22 1
e 11 49 0
e 11 47 0
e 11 21 0
e 11 13 0
e 11 53 0
e 11 6 0
e 11 52 0
e 11 58 0
e 11 34 0
e 11 59 0
e 11 9 0
e 11 45 0
e 11 64 1
e 11 28 1
e 11 38 1
e 11 29 0
e 11 17 0
e 11 35 0
e 11 39 0
e 11 0 1
e 11 36 1
e 11 50 0
e 11 31 0
e 11 60 0
e 11 51 0
e 11 18 0
e 11 8 0
e 11 12 0
e 11 19 0
e 11 10 0
e 11 42 0
e 11 4 0
e 11 3 0
t # 164
v 0 0
v 1 1
v 2 2
v 3 3
v 4 4
v 5 5
v 6 6
e 5 1 0
e 5 0 0
e 5 6 0
e 5 2 0
e 5 6 0
e 5 3 0
e 5 4 0
t # 165
v 0 0
v 1 1
e 0 1 0
t # 166
v 0 0
v 1 1
e 1 0 0
t # 167
v 0 0
v 1 1
e 0 1 0
t # 168
v 0 0
v 1 1
v 2 2
e 2 0 0
e 2 1 0
t # 169
v 0 0
v 1 1
e 1 0 0
t # 170
v 0 0
v 1 1
v 2 2
v 3 3
v 4 4
v 5 5
v 6 6
e 6 2 0
e 6 4 0
e 6 0 0
e 6 1 0
e 6 3 0
e 6 5 0
t # 171
v 0 0
v 1 1
v 2 2
v 3 3
v 4 4
v 5 5
v 6 6
v 7 7
v 8 8
v 9 9
v 10 10
v 11 11
v 12 12
v 13 13
v 14 14
v 15 15
v 16 16
v 17 17
v 18 18
v 19 19
v 20 20
v 21 21
v 22 22
v 23 23
v 24 24
v 25 25
v 26 26
v 27 27
v 28 28
v 29 29
v 30 30
v 31 31
v 32 32
v 33 33
v 34 34
v 35 35
v 36 36
v 37 37
v 38 38
e 25 24 1
e 25 21 1
e 25 21 1
e 25 16 1
e 25 37 0
e 25 23 1
e 25 22 1
e 25 15 0
e 25 4 0
e 25 28 0
e 25 11 0
e 25 34 0
e 25 31 0
e 25 3 0
e 25 38 0
e 25 19 0
e 25 13 0
e 25 9 0
e 25 14 0
e 25 30 0
e 25 35 0
e 25 10 0
e 25 5 0
e 25 32 0
e 25 17 0
e 25 31 0
e 25 12 0
e 25 8 0
e 25 26 0
e 25 7 0
e 25 27 1
e 25 27 1
e 25 33 1
e 25 29 1
e 25 36 0
e 25 17 0
e 25 6 0
e 25 18 0
e 25 0 0
e 25 2 0
e 25 20 0
e 25 1 0
e 25 27 0
t # 172
v 0 0
v 1 1
v 2 2
v 3 3
v 4 4
v 5 5
v 6 6
v 7 7
v 8 8
v 9 9
v 10 10
v 11 11
v 12 12
v 13 13
v 14 14
v 15 15
v 16 16
v 17 17
v 18 18
v 19 19
v 20 20
v 21 21
v 22 22
v 23 23
v 24 24
v 25 25
v 26 26
v 27 27
v 28 28
v 29 29
v 30 30
v 31 31
v 32 32
v 33 33
v 34 34
v 35 35
v 36 36
v 37 37
v 38 38
v 39 39
v 40 40
v 41 41
v 42 42
v 43 43
v 44 44
v 45 45
v 46 46
v 47 47
v 48 48
v 49 49
v 50 50
v 51 51
v 52 52
v 53 53
v 54 54
v 55 55
v 56 56
v 57 57
v 58 58
v 59 59
v 60 60
v 61 61
v 62 62
v 63 63
v 64 64
v 65 65
v 66 66
v 67 67
v 68 68
v 69 69
v 70 70
v 71 71
v 72 72
v 73 73
v 74 74
v 75 75
v 76 76
v 77 77
v 78 78
v 79 79
v 80 80
v 81 81
v 82 82
v 83 83
v 84 84
v 85 85
v 86 86
v 87 87
v 88 88
v 89 89
v 90 90
v 91 91
v 92 92
v 93 93
v 94 94
v 95 95
v 96 96
v 97 97
v 98 98
v 99 99
v 100 100
v 101 101
v 102 102
v 103 103
v 104 104
v 105 105
v 106 106
v 107 107
v 108 108
v 109 109
v 110 110
v 111 111
v 112 112
v 113 113
v 114 114
v 115 115
v 116 116
v 117 117
v 118 118
e 25 34 1
e 25 98 1
e 25 55 1
e 25 63 1
e 25 63 1
e 25 72 2
e 25 52 2
e 25 52 2
e 25 50 2
e 25 47 2
e 25 47 2
e 25 41 2
e 25 41 2
e 25 111 2
e 25 48 2
e 25 33 2
e 25 20 2
e 25 20 2
e 25 20 2
e 25 11 2
e 25 11 2
e 25 69 0
e 25 61 0
e 25 3 0
e 25 112 0
e 25 101 0
e 25 108 0
e 25 103 0
e 25 4 0
e 25 49 0
e 25 109 0
e 25 73 0
e 25 56 0
e 25 6 0
e 25 27 0
e 25 35 0
e 25 90 0
e 25 28 0
e 25 118 0
e 25 70 0
e 25 51 0
e 25 100 0
e 25 97 0
e 25 88 0
e 25 53 0
e 25 81 0
e 25 40 0
e 25 38 0
e 25 8 0
e 25 14 0
e 25 36 0
e 25 71 0
e 25 0 0
e 25 32 0
e 25 96 0
e 25 37 0
e 25 92 0
e 25 22 0
e 25 68 0
e 25 76 0
e 25 75 0
e 25 107 0
e 25 57 0
e 25 77 0
e 25 18 0
e 25 86 0
e 25 93 0
e 25 43 0
e 25 26 0
e 25 91 0
e 25 83 0
e 25 23 0
e 25 116 0
e 25 17 0
e 25 30 0
e 25 104 0
e 25 24 0
e 25 46 0
e 25 54 0
e 25 84 0
e 25 89 0
e 25 39 0
e 25 12 0
e 25 45 0
e 25 2 0
e 25 80 0
e 25 29 0
e 25 110 0
e 25 42 0
e 25 115 0
e 25 59 0
e 25 99 0
e 25 85 0
e 25 58 0
e 25 87 0
e 25 31 0
e 25 5 0
e 25 105 0
e 25 7 0
e 25 21 0
e 25 62 0
e 25 95 2
e 25 9 2
e 25 10 2
e 25 16 2
e 25 113 2
e 25 66 2
e 25 60 0
e 25 106 0
e 25 82 0
e 25 64 0
e 25 79 0
e 25 102 2
e 25 102 2
e 25 15 2
e 25 117 2
e 25 44 2
e 25 74 2
e 25 74 2
e 25 74 2
e 25 67 2
e 25 1 2
e 25 78 2
e 25 94 0
e 25 19 0
e 25 114 0
e 25 65 0
e 25 13 0
t # 173
v 0 0
v 1 1
e 0 1 0
t # 174
v 0 0
v 1 1
e 0 1 0
t # 175
v 0 0
v 1 1
v 2 2
v 3 3
v 4 4
v 5 5
v 6 6
v 7 7
v 8 8
v 9 9
v 10 10
v 11 11
e 5 2 0
e 5 1 0
e 5 10 0
e 5 4 0
e 5 8 0
e 5 6 0
e 5 9 0
e 5 7 0
e 5 0 0
e 5 11 0
e 5 3 0
t # 176
v 0 0
v 1 1
v 2 2
v 3 3
v 4 4
e 1 4 0
e 1 0 2
e 1 0 2
e 1 0 2
e 1 0 2
e 1 0 2
e 1 0 2
e 1 0 2
e 1 0 2
e 1 2 0
e 1 3 0
t # 177
v 0 0
v 1 1
e 1 0 0
t # 178
v 0 0
v 1 1
e 1 0 0
t # 179
v 0 0
v 1 1
v 2 2
e 0 2 0
e 0 1 0
t # 180
v 0 0
v 1 1
e 1 0 0
t # 181
v 0 0
v 1 1
v 2 2
e 0 2 0
e 0 1 0
t # 182
v 0 0
v 1 1
v 2 2
v 3 3
v 4 4
v 5 5
v 6 6
v 7 7
v 8 8
v 9 9
v 10 10
v 11 11
v 12 12
v 13 13
e 6 5 0
e 6 3 0
e 6 0 0
e 6 4 0
e 6 8 0
e 6 1 0
e 6 13 0
e 6 7 0
e 6 11 0
e 6 9 0
e 6 2 0
e 6 12 0
e 6 10 0
t # 183
v 0 0
v 1 1
v 2 2
v 3 3
v 4 4
v 5 5
v 6 6
v 7 7
v 8 8
v 9 9
v 10 10
v 11 11
v 12 12
v 13 13
v 14 14
e 8 4 1
e 8 2 1
e 8 6 0
e 8 5 0
e 8 0 0
e 8 13 0
e 8 14 0
e 8 7 0
e 8 9 0
e 8 12 0
e 8 10 0
e 8 1 1
e 8 3 1
e 8 11 0
t # 184
v 0 0
v 1 1
e 1 0 0
t # 185
v 0 0
v 1 1
v 2 2
e 1 0 1
e 1 2 1
t # 186
v 0 0
v 1 1
e 1 0 0
t # 187
v 0 0
v 1 1
e 0 1 0
t # 188
v 0 0
v 1 1
v 2 2
e 2 1 1
e 2 1 1
e 2 0 0
t # 189
v 0 0
v 1 1
v 2 2
v 3 3
v 4 4
v 5 5
v 6 6
v 7 7
e 4 2 1
e 4 7 1
e 4 1 1
e 4 0 1
e 4 3 1
e 4 6 0
e 4 5 0
t # 190
v 0 0
v 1 1
e 0 1 0
t # 191
v 0 0
v 1 1
v 2 2
v 3 3
v 4 4
v 5 5
v 6 6
v 7 7
v 8 8
v 9 9
v 10 10
v 11 11
v 12 12
e 5 8 0
e 5 7 1
e 5 0 0
e 5 6 0
e 5 3 0
e 5 10 0
e 5 4 0
e 5 12 0
e 5 11 0
e 5 1 0
e 5 9 0
e 5 2 0
t # 192
v 0 0
v 1 1
e 0 1 1
e 0 1 1
e 0 1 1
t # 193
v 0 0
v 1 1
e 1 0 0
t # 194
v 0 0
v 1 1
e 0 1 0
t # 195
v 0 0
v 1 1
v 2 2
e 0 2 0
e 0 1 0
t # 196
v 0 0
v 1 1
e 1 0 0
t # 197
v 0 0
v 1 1
e 0 1 0
t # 198
v 0 0
v 1 1
v 2 2
e 1 0 1
e 1 2 1
t # 199
v 0 0
v 1 1
e 0 1 0
t # 200
v 0 0
v 1 1
v 2 2
v 3 3
e 1 0 0
e 1 2 0
e 1 3 0
t # 201
v 0 0
v 1 1
v 2 2
v 3 3
e 0 2 0
e 0 3 0
e 0 1 0
t # 202
v 0 0
v 1 1
v 2 2
v 3 3
v 4 4
v 5 5
v 6 6
e 5 0 0
e 5 3 0
e 5 6 0
e 5 4 0
e 5 1 0
e 5 2 0
t # 203
v 0 0
v 1 1
e 1 0 0
e 1 0 0
t # 204
v 0 0
v 1 1
v 2 2
v 3 3
v 4 4
v 5 5
v 6 6
v 7 7
v 8 8
v 9 9
v 10 10
v 11 11
v 12 12
v 13 13
v 14 14
v 15 15
v 16 16
e 6 15 0
e 6 8 0
e 6 3 0
e 6 11 0
e 6 14 0
e 6 0 0
e 6 7 0
e 6 10 0
e 6 12 0
e 6 9 0
e 6 13 0
e 6 1 0
e 6 4 0
e 6 16 1
e 6 2 1
e 6 5 1
t # 205
v 0 0
v 1 1
e 1 0 0
t # 206
v 0 0
v 1 1
e 0 1 0
t # 207
v 0 0
v 1 1
v 2 2
v 3 3
v 4 4
v 5 5
v 6 6
v 7 7
v 8 8
v 9 9
v 10 10
v 11 11
v 12 12
v 13 13
e 6 5 0
e 6 3 0
e 6 7 0
e 6 2 0
e 6 8 0
e 6 12 0
e 6 13 0
e 6 1 0
e 6 10 0
e 6 11 0
e 6 4 0
e 6 0 0
e 6 9 0
t # 208
v 0 0
v 1 1
e 0 1 0
t # 209
v 0 0
v 1 1
v 2 2
v 3 3
e 1 0 0
e 1 2 0
e 1 3 0
t # 210
v 0 0
v 1 1
v 2 2
e 1 0 1
e 1 2 1
t # 211
v 0 0
v 1 1
e 0 1 0
t # 212
v 0 0
v 1 1
v 2 2
e 0 1 0
e 0 2 0
t # 213
v 0 0
v 1 1
v 2 2
e 2 0 0
e 2 1 0
t # 214
v 0 0
v 1 1
e 0 1 0
t # 215
v 0 0
v 1 1
e 0 1 1
e 0 1 1
t # 216
v 0 0
v 1 1
e 1 0 0
t # 217
v 0 0
v 1 1
v 2 2
v 3 3
v 4 4
v 5 5
v 6 6
v 7 7
v 8 8
v 9 9
v 10 10
v 11 11
v 12 12
e 12 6 0
e 12 8 0
e 12 2 1
e 12 5 1
e 12 11 1
e 12 10 1
e 12 0 0
e 12 7 0
e 12 4 0
e 12 9 0
e 12 3 0
e 12 1 0
t # 218
v 0 0
v 1 1
v 2 2
v 3 3
v 4 4
e 3 1 2
e 3 1 2
e 3 2 2
e 3 4 2
e 3 0 2
e 3 0 2
e 3 0 2
t # 219
v 0 0
v 1 1
v 2 2
v 3 3
v 4 4
e 3 4 0
e 3 0 0
e 3 1 0
e 3 2 0
t # 220
v 0 0
v 1 1
v 2 2
v 3 3
e 1 2 0
e 1 3 0
e 1 0 0
t # 221
v 0 0
v 1 1
e 0 1 0
t # 222
v 0 0
v 1 1
v 2 2
v 3 3
v 4 4
v 5 5
e 2 5 0
e 2 0 1
e 2 0 1
e 2 4 1
e 2 1 0
e 2 3 0
t # 223
v 0 0
v 1 1
e 0 1 0
t # 224
v 0 0
v 1 1
e 0 1 1
t # 225
v 0 0
v 1 1
e 0 1 0
t # 226
v 0 0
v 1 1
v 2 2
v 3 3
v 4 4
v 5 5
v 6 6
v 7 7
e 4 2 0
e 4 0 1
e 4 3 0
e 4 7 0
e 4 6 0
e 4 1 0
e 4 5 0
t # 227
v 0 0
v 1 1
e 0 1 1
t # 228
v 0 0
v 1 1
v 2 2
v 3 3
v 4 4
v 5 5
v 6 6
v 7 7
v 8 8
v 9 9
v 10 10
v 11 11
v 12 12
v 13 13
v 14 14
v 15 15
v 16 16
v 17 17
v 18 18
v 19 19
v 20 20
v 21 21
e 7 19 0
e 7 17 0
e 7 13 0
e 7 2 0
e 7 14 0
e 7 12 0
e 7 0 0
e 7 1 0
e 7 21 0
e 7 18 0
e 7 8 0
e 7 5 0
e 7 10 0
e 7 9 0
e 7 6 0
e 7 11 0
e 7 20 0
e 7 4 0
e 7 16 0
e 7 15 0
e 7 3 0
e 7 18 0
e 7 18 0
e 7 18 0
t # 229
v 0 0
v 1 1
v 2 2
v 3 3
v 4 4
v 5 5
v 6 6
v 7 7
v 8 8
v 9 9
v 10 10
v 11 11
v 12 12
v 13 13
v 14 14
v 15 15
v 16 16
v 17 17
v 18 18
v 19 19
v 20 20
e 12 5 0
e 12 6 0
e 12 15 0
e 12 18 0
e 12 13 0
e 12 8 0
e 12 19 0
e 12 17 0
e 12 20 0
e 12 10 0
e 12 2 0
e 12 16 0
e 12 1 0
e 12 4 0
e 12 7 0
e 12 9 0
e 12 11 0
e 12 3 0
e 12 0 0
e 12 14 0
t # 230
v 0 0
v 1 1
v 2 2
v 3 3
v 4 4
v 5 5
v 6 6
v 7 7
v 8 8
v 9 9
v 10 10
v 11 11
v 12 12
v 13 13
v 14 14
v 15 15
v 16 16
v 17 17
v 18 18
v 19 19
v 20 20
v 21 21
v 22 22
v 23 23
v 24 24
v 25 25
v 26 26
v 27 27
v 28 28
v 29 29
v 30 30
v 31 31
v 32 32
v 33 33
v 34 34
v 35 35
v 36 36
v 37 37
v 38 38
v 39 39
v 40 40
v 41 41
v 42 42
v 43 43
v 44 44
v 45 45
v 46 46
v 47 47
v 48 48
v 49 49
v 50 50
v 51 51
v 52 52
v 53 53
v 54 54
v 55 55
v 56 56
v 57 57
v 58 58
v 59 59
v 60 60
v 61 61
v 62 62
v 63 63
v 64 64
v 65 65
v 66 66
v 67 67
v 68 68
v 69 69
v 70 70
v 71 71
v 72 72
e 12 27 0
e 12 17 0
e 12 65 0
e 12 64 0
e 12 14 0
e 12 2 0
e 12 29 0
e 12 47 1
e 12 8 1
e 12 46 0
e 12 3 1
e 12 31 1
e 12 42 1
e 12 32 0
e 12 61 0
e 12 25 0
e 12 4 0
e 12 55 0
e 12 13 0
e 12 10 1
e 12 39 1
e 12 56 0
e 12 18 0
e 12 9 0
e 12 66 0
e 12 41 0
e 12 71 0
e 12 57 0
e 12 58 0
e 12 45 0
e 12 49 0
e 12 1 0
e 12 51 0
e 12 69 0
e 12 52 0
e 12 62 0
e 12 48 0
e 12 11 0
e 12 59 0
e 12 19 0
e 12 0 0
e 12 21 0
e 12 40 0
e 12 16 0
e 12 22 0
e 12 33 0
e 12 38 0
e 12 5 0
e 12 34 0
e 12 70 0
e 12 63 0
e 12 15 0
e 12 37 0
e 12 30 0
e 12 20 0
e 12 44 1
e 12 43 0
e 12 50 0
e 12 6 0
e 12 23 0
e 12 67 0
e 12 60 0
e 12 7 0
e 12 35 0
e 12 54 0
e 12 24 0
e 12 53 0
e 12 26 0
e 12 28 0
e 12 68 0
e 12 36 1
e 12 72 1
t # 231
v 0 0
v 1 1
e 1 0 0
t # 232
v 0 0
v 1 1
v 2 2
v 3 3
e 0 3 0
e 0 2 0
e 0 1 0
t # 233
v 0 0
v 1 1
v 2 2
v 3 3
v 4 4
v 5 5
v 6 6
v 7 7
v 8 8
e 8 2 1
e 8 3 1
e 8 1 0
e 8 4 0
e 8 5 0
e 8 7 0
e 8 6 1
e 8 0 1
t # 234
v 0 0
v 1 1
v 2 2
v 3 3
v 4 4
v 5 5
v 6 6
v 7 7
v 8 8
v 9 9
v 10 10
v 11 11
v 12 12
v 13 13
v 14 14
v 15 15
v 16 16
v 17 17
v 18 18
v 19 19
v 20 20
v 21 21
v 22 22
v 23 23
v 24 24
v 25 25
v 26 26
v 27 27
v 28 28
v 29 29
v 30 30
v 31 31
v 32 32
v 33 33
v 34 34
v 35 35
v 36 36
v 37 37
v 38 38
v 39 39
v 40 40
e 1 19 0
e 1 16 0
e 1 14 0
e 1 6 0
e 1 27 0
e 1 20 0
e 1 3 0
e 1 28 0
e 1 13 0
e 1 39 0
e 1 25 0
e 1 40 0
e 1 18 0
e 1 23 0
e 1 37 0
e 1 22 0
e 1 30 0
e 1 32 0
e 1 31 0
e 1 10 0
e 1 15 0
e 1 29 0
e 1 9 0
e 1 4 1
e 1 4 1
e 1 26 0
e 1 35 0
e 1 36 0
e 1 5 0
e 1 21 0
e 1 0 0
e 1 12 0
e 1 24 0
e 1 17 0
e 1 33 0
e 1 7 0
e 1 11 0
e 1 38 0
e 1 34 0
e 1 2 0
e 1 8 0
t # 235
v 0 0
v 1 1
v 2 2
v 3 3
v 4 4
v 5 5
v 6 6
v 7 7
v 8 8
v 9 9
v 10 10
v 11 11
v 12 12
v 13 13
e 10 2 0
e 10 11 0
e 10 13 0
e 10 7 0
e 10 8 0
e 10 0 0
e 10 1 0
e 10 3 0
e 10 4 0
e 10 9 0
e 10 5 0
e 10 6 0
e 10 12 0
t # 236
v 0 0
v 1 1
v 2 2
v 3 3
v 4 4
v 5 5
v 6 6
v 7 7
v 8 8
v 9 9
v 10 10
v 11 11
v 12 12
v 13 13
v 14 14
v 15 15
v 16 16
v 17 17
v 18 18
v 19 19
v 20 20
v 21 21
v 22 22
v 23 23
v 24 24
v 25 25
v 26 26
v 27 27
v 28 28
v 29 29
v 30 30
v 31 31
v 32 32
v 33 33
v 34 34
v 35 35
v 36 36
v 37 37
v 38 38
v 39 39
v 40 40
v 41 41
v 42 42
v 43 43
v 44 44
v 45 45
v 46 46
v 47 47
v 48 48
v 49 49
v 50 50
v 51 51
v 52 52
e 28 22 0
e 28 20 1
e 28 8 1
e 28 8 1
e 28 49 0
e 28 2 0
e 28 21 0
e 28 39 0
e 28 32 0
e 28 44 0
e 28 43 0
e 28 0 0
e 28 42 0
e 28 6 0
e 28 51 0
e 28 23 0
e 28 13 0
e 28 1 0
e 28 46 0
e 28 12 0
e 28 26 0
e 28 25 0
e 28 36 0
e 28 14 0
e 28 40 0
e 28 31 0
e 28 24 0
e 28 19 0
e 28 38 0
e 28 50 0
e 28 4 0
e 28 9 0
e 28 12 0
e 28 1 0
e 28 15 0
e 28 1 0
e 28 47 0
e 28 37 0
e 28 27 0
e 28 32 0
e 28 52 0
e 28 30 0
e 28 24 0
e 28 16 0
e 28 43 0
e 28 18 0
e 28 40 0
e 28 33 0
e 28 29 0
e 28 48 0
e 28 31 0
e 28 10 0
e 28 5 0
e 28 17 0
e 28 1 0
e 28 9 0
e 28 1 0
e 28 41 1
e 28 41 1
e 28 33 0
e 28 3 0
e 28 34 0
e 28 45 0
e 28 35 0
e 28 7 0
e 28 11 0
t # 237
v 0 0
v 1 1
v 2 2
v 3 3
v 4 4
v 5 5
v 6 6
v 7 7
e 5 4 0
e 5 7 0
e 5 6 0
e 5 2 0
e 5 0 0
e 5 1 0
e 5 3 0
t # 238
v 0 0
v 1 1
e 1 0 1
t # 239
v 0 0
v 1 1
v 2 2
v 3 3
v 4 4
v 5 5
e 1 4 1
e 1 5 1
e 1 2 1
e 1 2 1
e 1 0 2
e 1 3 2
t # 240
v 0 0
v 1 1
v 2 2
v 3 3
e 2 3 0
e 2 0 0
e 2 1 0
t # 241
v 0 0
v 1 1
v 2 2
e 0 2 0
e 0 1 0
t # 242
v 0 0
v 1 1
e 0 1 0
t # 243
v 0 0
v 1 1
e 0 1 0
t # 244
v 0 0
v 1 1
v 2 2
e 1 0 0
e 1 2 0
t # 245
v 0 0
v 1 1
e 0 1 0
t # 246
v 0 0
v 1 1
v 2 2
v 3 3
e 1 3 0
e 1 2 0
e 1 0 0
t # 247
v 0 0
v 1 1
e 0 1 0
t # 248
v 0 0
v 1 1
v 2 2
v 3 3
v 4 4
e 2 1 0
e 2 0 0
e 2 3 0
e 2 4 0
t # 249
v 0 0
v 1 1
v 2 2
v 3 3
v 4 4
v 5 5
v 6 6
v 7 7
v 8 8
v 9 9
v 10 10
v 11 11
v 12 12
v 13 13
v 14 14
v 15 15
v 16 16
v 17 17
v 18 18
v 19 19
v 20 20
v 21 21
v 22 22
v 23 23
v 24 24
v 25 25
v 26 26
v 27 27
v 28 28
v 29 29
v 30 30
v 31 31
v 32 32
v 33 33
v 34 34
v 35 35
v 36 36
v 37 37
v 38 38
v 39 39
v 40 40
v 41 41
v 42 42
v 43 43
v 44 44
v 45 45
v 46 46
v 47 47
v 48 48
v 49 49
v 50 50
v 51 51
v 52 52
v 53 53
v 54 54
v 55 55
v 56 56
v 57 57
v 58 58
v 59 59
v 60 60
v 61 61
v 62 62
v 63 63
v 64 64
v 65 65
v 66 66
v 67 67
v 68 68
v 69 69
v 70 70
v 71 71
v 72 72
v 73 73
v 74 74
v 75 75
v 76 76
v 77 77
v 78 78
v 79 79
v 80 80
v 81 81
v 82 82
v 83 83
v 84 84
v 85 85
v 86 86
v 87 87
v 88 88
v 89 89
v 90 90
v 91 91
v 92 92
v 93 93
v 94 94
v 95 95
v 96 96
v 97 97
v 98 98
v 99 99
v 100 100
v 101 101
v 102 102
v 103 103
v 104 104
v 105 105
v 106 106
v 107 107
v 108 108
v 109 109
v 110 110
v 111 111
v 112 112
v 113 113
v 114 114
v 115 115
v 116 116
v 117 117
v 118 118
v 119 119
v 120 120
v 121 121
v 122 122
v 123 123
v 124 124
v 125 125
v 126 126
v 127 127
v 128 128
v 129 129
v 130 130
e 96 62 0
e 96 103 0
e 96 5 0
e 96 78 0
e 96 14 0
e 96 73 0
e 96 124 0
e 96 122 0
e 96 59 0
e 96 44 0
e 96 126 0
e 96 112 0
e 96 109 0
e 96 9 0
e 96 115 0
e 96 17 0
e 96 30 0
e 96 74 0
e 96 35 0
e 96 123 0
e 96 89 0
e 96 2 0
e 96 114 0
e 96 52 0
e 96 29 0
e 96 121 0
e 96 82 0
e 96 15 0
e 96 63 0
e 96 83 0
e 96 107 0
e 96 22 0
e 96 46 0
e 96 39 0
e 96 100 0
e 96 90 0
e 96 110 0
e 96 68 0
e 96 71 0
e 96 42 0
e 96 64 0
e 96 116 0
e 96 72 0
e 96 49 0
e 96 61 0
e 96 24 0
e 96 10 0
e 96 130 0
e 96 87 0
e 96 79 0
e 96 16 0
e 96 76 0
e 96 50 0
e 96 33 0
e 96 45 0
e 96 125 0
e 96 56 0
e 96 34 0
e 96 25 0
e 96 119 0
e 96 67 0
e 96 118 0
e 96 48 0
e 96 80 0
e 96 77 0
e 96 85 0
e 96 81 0
e 96 19 0
e 96 91 0
e 96 105 0
e 96 120 0
e 96 129 0
e 96 36 0
e 96 51 0
e 96 54 0
e 96 111 0
e 96 6 0
e 96 84 0
e 96 18 0
e 96 95 0
e 96 86 0
e 96 3 0
e 96 37 0
e 96 0 0
e 96 75 0
e 96 8 0
e 96 98 0
e 96 104 0
e 96 40 0
e 96 99 0
e 96 88 0
e 96 27 0
e 96 11 0
e 96 26 0
e 96 28 0
e 96 57 0
e 96 92 0
e 96 66 0
e 96 23 0
e 96 13 0
e 96 127 0
e 96 106 0
e 96 7 0
e 96 127 0
e 96 60 0
e 96 101 0
e 96 12 0
e 96 20 0
e 96 4 0
e 96 128 0
e 96 38 0
e 96 93 0
e 96 41 1
e 96 41 1
e 96 97 1
e 96 108 0
e 96 117 0
e 96 1 0
e 96 94 0
e 96 69 0
e 96 31 0
e 96 21 0
e 96 70 0
e 96 55 0
e 96 53 0
e 96 113 1
e 96 32 1
e 96 47 0
e 96 102 1
e 96 43 1
e 96 58 1
e 96 65 1
t # 250
v 0 0
v 1 1
v 2 2
e 1 0 0
e 1 2 0
t # 251
v 0 0
v 1 1
e 1 0 0
t # 252
v 0 0
v 1 1
v 2 2
e 1 0 0
e 1 2 0
t # 253
v 0 0
v 1 1
v 2 2
v 3 3
e 3 0 1
e 3 2 1
e 3 1 1
t # 254
v 0 0
v 1 1
v 2 2
v 3 3
v 4 4
v 5 5
v 6 6
v 7 7
v 8 8
v 9 9
e 5 6 0
e 5 3 0
e 5 8 0
e 5 2 0
e 5 0 0
e 5 6 0
e 5 7 0
e 5 9 0
e 5 4 0
e 5 1 0
t # 255
v 0 0
v 1 1
v 2 2
v 3 3
v 4 4
v 5 5
v 6 6
v 7 7
v 8 8
v 9 9
v 10 10
v 11 11
v 12 12
e 4 5 0
e 4 3 0
e 4 7 0
e 4 2 0
e 4 10 0
e 4 12 0
e 4 11 0
e 4 0 0
e 4 9 0
e 4 1 0
e 4 8 0
e 4 6 0
t # 256
v 0 0
v 1 1
v 2 2
v 3 3
v 4 4
v 5 5
v 6 6
v 7 7
v 8 8
v 9 9
v 10 10
v 11 11
v 12 12
e 8 10 0
e 8 1 1
e 8 2 1
e 8 2 1
e 8 12 0
e 8 0 1
e 8 0 1
e 8 6 1
e 8 11 0
e 8 5 0
e 8 4 1
e 8 4 1
e 8 4 1
e 8 4 1
e 8 4 1
e 8 3 0
e 8 7 0
e 8 9 1
e 8 9 1
t # 257
v 0 0
v 1 1
v 2 2
e 2 1 0
e 2 0 0
t # 258
v 0 0
v 1 1
v 2 2
v 3 3
v 4 4
v 5 5
v 6 6
v 7 7
v 8 8
v 9 9
v 10 10
v 11 11
v 12 12
v 13 13
v 14 14
v 15 15
v 16 16
v 17 17
v 18 18
v 19 19
v 20 20
e 19 5 0
e 19 14 1
e 19 13 1
e 19 12 1
e 19 2 0
e 19 4 0
e 19 6 0
e 19 2 0
e 19 11 0
e 19 1 0
e 19 15 0
e 19 17 0
e 19 3 0
e 19 10 0
e 19 9 0
e 19 7 0
e 19 0 0
e 19 18 0
e 19 16 1
e 19 8 1
e 19 20 0
t # 259
v 0 0
v 1 1
v 2 2
v 3 3
v 4 4
v 5 5
e 2 3 1
e 2 3 1
e 2 1 1
e 2 0 0
e 2 5 0
e 2 4 0
t # 260
v 0 0
v 1 1
e 1 0 0
t # 261
v 0 0
v 1 1
v 2 2
v 3 3
e 3 0 0
e 3 2 0
e 3 1 0
t # 262
v 0 0
v 1 1
v 2 2
v 3 3
v 4 4
v 5 5
v 6 6
v 7 7
v 8 8
v 9 9
v 10 10
e 0 10 2
e 0 6 2
e 0 6 2
e 0 6 2
e 0 6 2
e 0 6 2
e 0 6 2
e 0 4 2
e 0 9 2
e 0 9 2
e 0 9 2
e 0 9 2
e 0 9 2
e 0 9 2
e 0 8 2
e 0 8 2
e 0 8 2
e 0 3 2
e 0 1 2
e 0 1 2
e 0 1 2
e 0 5 2
e 0 5 2
e 0 5 2
e 0 5 2
e 0 5 2
e 0 5 2
e 0 7 2
e 0 2 2
t # 263
v 0 0
v 1 1
v 2 2
v 3 3
v 4 4
v 5 5
v 6 6
v 7 7
v 8 8
v 9 9
v 10 10
v 11 11
v 12 12
v 13 13
v 14 14
v 15 15
v 16 16
v 17 17
v 18 18
v 19 19
v 20 20
v 21 21
v 22 22
v 23 23
v 24 24
v 25 25
v 26 26
v 27 27
v 28 28
v 29 29
e 23 15 0
e 23 0 1
e 23 0 1
e 23 19 0
e 23 10 0
e 23 6 0
e 23 5 0
e 23 8 0
e 23 17 0
e 23 7 0
e 23 22 0
e 23 14 0
e 23 25 0
e 23 3 0
e 23 16 0
e 23 22 0
e 23 12 0
e 23 20 0
e 23 28 0
e 23 11 0
e 23 13 0
e 23 2 0
e 23 15 0
e 23 18 0
e 23 21 0
e 23 1 0
e 23 27 0
e 23 4 0
e 23 26 0
e 23 29 0
e 23 24 0
e 23 9 0
e 23 24 0
t # 264
v 0 0
v 1 1
v 2 2
v 3 3
v 4 4
v 5 5
e 4 2 0
e 4 3 0
e 4 0 0
e 4 1 0
e 4 5 0
t # 265
v 0 0
v 1 1
e 0 1 0
t # 266
v 0 0
v 1 1
e 1 0 0
t # 267
v 0 0
v 1 1
e 1 0 0
t # 268
v 0 0
v 1 1
v 2 2
v 3 3
v 4 4
v 5 5
v 6 6
e 0 2 2
e 0 5 2
e 0 3 2
e 0 4 2
e 0 6 2
e 0 1 2
t # 269
v 0 0
v 1 1
e 1 0 0
t # 270
v 0 0
v 1 1
v 2 2
v 3 3
v 4 4
v 5 5
v 6 6
v 7 7
v 8 8
v 9 9
v 10 10
v 11 11
v 12 12
v 13 13
v 14 14
v 15 15
v 16 16
v 17 17
v 18 18
v 19 19
v 20 20
v 21 21
v 22 22
v 23 23
v 24 24
v 25 25
v 26 26
e 5 17 0
e 5 6 0
e 5 1 2
e 5 24 2
e 5 18 2
e 5 2 2
e 5 19 2
e 5 25 2
e 5 12 2
e 5 7 2
e 5 23 2
e 5 0 2
e 5 13 2
e 5 14 2
e 5 10 2
e 5 20 2
e 5 8 2
e 5 4 2
e 5 11 2
e 5 16 2
e 5 15 2
e 5 26 2
e 5 21 2
e 5 22 2
e 5 9 2
e 5 3 0
t # 271
v 0 0
v 1 1
e 0 1 0
t # 272
v 0 0
v 1 1
v 2 2
v 3 3
v 4 4
v 5 5
v 6 6
v 7 7
v 8 8
v 9 9
e 9 1 0
e 9 8 0
e 9 4 0
e 9 5 0
e 9 0 0
e 9 6 0
e 9 7 0
e 9 2 0
e 9 3 0
t # 273
v 0 0
v 1 1
v 2 2
e 0 1 0
e 0 2 0
t # 274
v 0 0
v 1 1
v 2 2
v 3 3
v 4 4
v 5 5
v 6 6
v 7 7
e 6 0 0
e 6 4 0
e 6 3 0
e 6 5 0
e 6 1 0
e 6 7 0
e 6 2 0
t # 275
v 0 0
v 1 1
v 2 2
v 3 3
v 4 4
v 5 5
v 6 6
v 7 7
v 8 8
v 9 9
v 10 10
v 11 11
v 12 12
v 13 13
v 14 14
v 15 15
v 16 16
v 17 17
v 18 18
v 19 19
v 20 20
v 21 21
v 22 22
v 23 23
v 24 24
v 25 25
v 26 26
v 27 27
v 28 28
v 29 29
v 30 30
v 31 31
v 32 32
v 33 33
v 34 34
v 35 35
v 36 36
v 37 37
v 38 38
v 39 39
v 40 40
v 41 41
e 39 36 0
e 39 34 0
e 39 18 0
e 39 27 0
e 39 29 0
e 39 33 0
e 39 8 0
e 39 40 0
e 39 28 0
e 39 14 0
e 39 20 0
e 39 9 0
e 39 25 0
e 39 37 0
e 39 7 0
e 39 4 0
e 39 31 0
e 39 32 0
e 39 12 0
e 39 24 0
e 39 21 0
e 39 26 0
e 39 5 0
e 39 1 0
e 39 38 0
e 39 11 0
e 39 2 0
e 39 23 0
e 39 13 0
e 39 3 0
e 39 0 0
e 39 35 0
e 39 15 0
e 39 5 0
e 39 22 0
e 39 8 0
e 39 17 0
e 39 10 0
e 39 16 0
e 39 19 0
e 39 6 0
e 39 30 0
e 39 41 0
t # 276
v 0 0
v 1 1
e 0 1 0
t # 277
v 0 0
v 1 1
v 2 2
v 3 3
e 2 0 0
e 2 3 0
e 2 1 0
t # 278
v 0 0
v 1 1
e 1 0 0
t # 279
v 0 0
v 1 1
v 2 2
v 3 3
v 4 4
v 5 5
v 6 6
v 7 7
v 8 8
v 9 9
v 10 10
v 11 11
v 12 12
v 13 13
v 14 14
v 15 15
e 6 15 0
e 6 5 0
e 6 14 0
e 6 4 0
e 6 0 0
e 6 7 0
e 6 12 0
e 6 2 0
e 6 3 0
e 6 13 0
e 6 10 0
e 6 8 0
e 6 9 0
e 6 1 0
e 6 11 0
t # 280
v 0 0
v 1 1
e 0 1 0
t # 281
v 0 0
v 1 1
v 2 2
v 3 3
e 0 1 0
e 0 2 0
e 0 3 0
t # 282
v 0 0
v 1 1
e 1 0 0
t # 283
v 0 0
v 1 1
v 2 2
v 3 3
e 0 3 0
e 0 2 0
e 0 1 0
t # 284
v 0 0
v 1 1
v 2 2
e 1 2 0
e 1 0 0
t # 285
v 0 0
v 1 1
e 1 0 0
t # 286
v 0 0
v 1 1
v 2 2
v 3 3
v 4 4
e 1 3 0
e 1 0 0
e 1 2 1
e 1 4 1
t # 287
v 0 0
v 1 1
v 2 2
v 3 3
v 4 4
e 3 1 0
e 3 2 0
e 3 4 0
e 3 0 0
t # 288
v 0 0
v 1 1
e 1 0 0
t # 289
v 0 0
v 1 1
e 1 0 0
t # 290
v 0 0
v 1 1
v 2 2
v 3 3
v 4 4
v 5 5
e 2 3 0
e 2 4 0
e 2 0 0
e 2 5 0
e 2 1 0
t # 291
v 0 0
v 1 1
v 2 2
v 3 3
v 4 4
v 5 5
e 4 5 0
e 4 0 0
e 4 3 0
e 4 1 0
e 4 2 0
t # 292
v 0 0
v 1 1
v 2 2
e 0 2 0
e 0 1 0
t # 293
v 0 0
v 1 1
v 2 2
v 3 3
v 4 4
v 5 5
v 6 6
v 7 7
v 8 8
v 9 9
v 10 10
v 11 11
v 12 12
v 13 13
v 14 14
v 15 15
v 16 16
v 17 17
v 18 18
v 19 19
v 20 20
v 21 21
v 22 22
v 23 23
v 24 24
v 25 25
v 26 26
v 27 27
v 28 28
v 29 29
v 30 30
v 31 31
v 32 32
v 33 33
v 34 34
v 35 35
v 36 36
v 37 37
v 38 38
v 39 39
v 40 40
v 41 41
v 42 42
v 43 43
v 44 44
v 45 45
v 46 46
v 47 47
v 48 48
v 49 49
v 50 50
v 51 51
v 52 52
v 53 53
v 54 54
v 55 55
v 56 56
v 57 57
v 58 58
v 59 59
v 60 60
v 61 61
v 62 62
v 63 63
v 64 64
v 65 65
v 66 66
v 67 67
v 68 68
v 69 69
v 70 70
v 71 71
v 72 72
v 73 73
v 74 74
v 75 75
v 76 76
v 77 77
v 78 78
v 79 79
v 80 80
v 81 81
v 82 82
v 83 83
e 47 39 2
e 47 63 2
e 47 63 2
e 47 63 2
e 47 55 2
e 47 71 0
e 47 44 0
e 47 21 0
e 47 29 0
e 47 74 0
e 47 30 0
e 47 16 0
e 47 56 0
e 47 0 0
e 47 11 0
e 47 44 0
e 47 27 0
e 47 17 0
e 47 69 0
e 47 61 0
e 47 30 0
e 47 1 0
e 47 53 0
e 47 18 0
e 47 62 0
e 47 58 0
e 47 44 0
e 47 5 0
e 47 52 0
e 47 12 0
e 47 30 0
e 47 35 0
e 47 6 0
e 47 50 0
e 47 9 0
e 47 24 0
e 47 44 0
e 47 14 0
e 47 82 0
e 47 8 0
e 47 25 0
e 47 78 0
e 47 28 0
e 47 59 0
e 47 20 0
e 47 31 0
e 47 77 0
e 47 41 0
e 47 3 0
e 47 82 0
e 47 1 0
e 47 53 0
e 47 18 0
e 47 62 0
e 47 58 0
e 47 44 0
e 47 5 0
e 47 12 0
e 47 30 0
e 47 13 0
e 47 36 0
e 47 72 0
e 47 80 0
e 47 19 0
e 47 42 0
e 47 44 0
e 47 38 0
e 47 14 0
e 47 78 0
e 47 43 0
e 47 67 0
e 47 40 0
e 47 34 0
e 47 48 0
e 47 15 0
e 47 44 0
e 47 14 0
e 47 76 0
e 47 83 0
e 47 66 0
e 47 7 0
e 47 4 0
e 47 81 0
e 47 45 0
e 47 46 0
e 47 32 0
e 47 44 0
e 47 75 0
e 47 65 0
e 47 79 1
e 47 79 1
e 47 37 1
e 47 26 2
e 47 23 2
e 47 73 2
e 47 51 2
e 47 54 0
e 47 70 1
e 47 57 1
e 47 60 1
e 47 64 1
e 47 49 0
e 47 2 0
e 47 68 1
e 47 33 1
e 47 22 0
e 47 10 0
t # 294
v 0 0
v 1 1
e 0 1 0
t # 295
v 0 0
v 1 1
v 2 2
v 3 3
v 4 4
e 4 0 0
e 4 2 0
e 4 1 0
e 4 3 0
t # 296
v 0 0
v 1 1
v 2 2
e 0 1 2
e 0 2 2
e 0 2 2
t # 297
v 0 0
v 1 1
v 2 2
v 3 3
v 4 4
v 5 5
v 6 6
e 3 1 0
e 3 6 0
e 3 4 0
e 3 2 0
e 3 5 0
e 3 0 0
t # 298
v 0 0
v 1 1
e 1 0 0
t # 299
v 0 0
v 1 1
v 2 2
v 3 3
v 4 4
v 5 5
v 6 6
v 7 7
v 8 8
v 9 9
v 10 10
e 10 1 2
e 10 9 2
e 10 5 2
e 10 5 2
e 10 5 2
e 10 5 2
e 10 5 2
e 10 0 2
e 10 4 2
e 10 4 2
e 10 4 2
e 10 4 2
e 10 4 2
e 10 8 2
e 10 8 2
e 10 8 2
e 10 8 2
e 10 3 2
e 10 3 2
e 10 3 2
e 10 3 2
e 10 3 2
e 10 3 2
e 10 3 2
e 10 6 2
e 10 2 2
e 10 7 2
e 10 7 2
e 10 7 2
e 10 7 2
e 10 7 2
e 10 7 2
t # 300
v 0 0
v 1 1
v 2 2
v 3 3
v 4 4
v 5 5
v 6 6
v 7 7
v 8 8
v 9 9
e 8 6 0
e 8 5 0
e 8 3 0
e 8 0 0
e 8 9 0
e 8 1 0
e 8 4 0
e 8 2 0
e 8 7 0
t # 301
v 0 0
v 1 1
e 1 0 0
t # 302
v 0 0
v 1 1
v 2 2
v 3 3
v 4 4
v 5 5
v 6 6
v 7 7
v 8 8
v 9 9
v 10 10
v 11 11
v 12 12
v 13 13
v 14 14
v 15 15
v 16 16
v 17 17
e 15 3 0
e 15 5 0
e 15 12 0
e 15 2 0
e 15 4 0
e 15 13 0
e 15 17 0
e 15 6 0
e 15 0 0
e 15 11 0
e 15 16 0
e 15 10 1
e 15 7 1
e 15 14 1
e 15 1 1
e 15 8 0
e 15 9 0
t # 303
v 0 0
v 1 1
v 2 2
e 1 2 0
e 1 0 0
t # 304
v 0 0
v 1 1
e 1 0 0
t # 305
v 0 0
v 1 1
v 2 2
e 1 0 0
e 1 2 0
t # 306
v 0 0
v 1 1
v 2 2
e 2 0 0
e 2 1 0
t # 307
v 0 0
v 1 1
v 2 2
v 3 3
v 4 4
e 1 4 0
e 1 0 0
e 1 2 0
e 1 3 0
t # 308
v 0 0
v 1 1
e 0 1 0
t # 309
v 0 0
v 1 1
v 2 2
e 0 1 0
e 0 2 1
e 0 2 1
t # 310
v 0 0
v 1 1
v 2 2
v 3 3
e 2 1 1
e 2 0 1
e 2 3 1
t # 311
v 0 0
v 1 1
v 2 2
v 3 3
v 4 4
v 5 5
v 6 6
v 7 7
e 6 3 0
e 6 2 0
e 6 4 0
e 6 5 0
e 6 1 0
e 6 0 0
e 6 7 0
t # 312
v 0 0
v 1 1
e 0 1 0
t # 313
v 0 0
v 1 1
v 2 2
e 2 0 0
e 2 1 0
t # 314
v 0 0
v 1 1
v 2 2
e 1 2 0
e 1 0 0
t # 315
v 0 0
v 1 1
e 1 0 1
t # 316
v 0 0
v 1 1
v 2 2
v 3 3
v 4 4
v 5 5
v 6 6
v 7 7
v 8 8
v 9 9
v 10 10
v 11 11
e 8 3 2
e 8 9 2
e 8 2 2
e 8 6 2
e 8 11 2
e 8 4 2
e 8 10 2
e 8 5 2
e 8 5 2
e 8 7 2
e 8 0 2
e 8 2 1
e 8 2 1
e 8 1 1
t # 317
v 0 0
v 1 1
v 2 2
v 3 3
e 3 1 0
e 3 0 0
e 3 2 0
t # 318
v 0 0
v 1 1
e 0 1 0
t # 319
v 0 0
v 1 1
v 2 2
v 3 3
v 4 4
v 5 5
v 6 6
v 7 7
v 8 8
v 9 9
v 10 10
v 11 11
v 12 12
v 13 13
v 14 14
v 15 15
v 16 16
v 17 17
v 18 18
e 4 8 2
e 4 5 2
e 4 13 2
e 4 3 2
e 4 6 2
e 4 16 2
e 4 7 2
e 4 12 2
e 4 9 2
e 4 0 2
e 4 10 2
e 4 2 2
e 4 18 2
e 4 11 2
e 4 14 2
e 4 17 2
e 4 15 2
e 4 1 2
t # 320
v 0 0
v 1 1
e 1 0 0
t # 321
v 0 0
v 1 1
v 2 2
v 3 3
v 4 4
v 5 5
v 6 6
v 7 7
v 8 8
v 9 9
v 10 10
v 11 11
v 12 12
v 13 13
v 14 14
v 15 15
v 16 16
v 17 17
v 18 18
v 19 19
v 20 20
v 21 21
v 22 22
e 15 9 0
e 15 17 0
e 15 16 0
e 15 5 0
e 15 4 0
e 15 6 0
e 15 18 0
e 15 14 0
e 15 20 0
e 15 2 0
e 15 21 0
e 15 0 0
e 15 11 0
e 15 12 0
e 15 19 0
e 15 8 0
e 15 1 0
e 15 22 0
e 15 10 0
e 15 7 0
e 15 13 0
e 15 3 0
t # 322
v 0 0
v 1 1
e 1 0 0
t # 323
v 0 0
v 1 1
v 2 2
v 3 3
v 4 4
v 5 5
v 6 6
v 7 7
e 4 5 0
e 4 7 0
e 4 3 0
e 4 6 0
e 4 1 0
e 4 2 0
e 4 0 0
t # 324
v 0 0
v 1 1
e 0 1 0
t # 325
v 0 0
v 1 1
v 2 2
v 3 3
v 4 4
v 5 5
v 6 6
v 7 7
v 8 8
e 5 7 2
e 5 6 2
e 5 1 2
e 5 2 2
e 5 4 2
e 5 0 2
e 5 8 2
e 5 3 1
t # 326
v 0 0
v 1 1
v 2 2
v 3 3
e 1 3 1
e 1 2 1
e 1 0 0
t # 327
v 0 0
v 1 1
v 2 2
v 3 3
v 4 4
v 5 5
e 3 1 0
e 3 2 0
e 3 0 0
e 3 5 0
e 3 4 0
t # 328
v 0 0
v 1 1
e 0 1 0
t # 329
v 0 0
v 1 1
e 0 1 0
t # 330
v 0 0
v 1 1
v 2 2
v 3 3
v 4 4
v 5 5
v 6 6
v 7 7
v 8 8
v 9 9
v 10 10
v 11 11
v 12 12
v 13 13
v 14 14
v 15 15
v 16 16
v 17 17
v 18 18
v 19 19
v 20 20
v 21 21
v 22 22
v 23 23
v 24 24
v 25 25
v 26 26
v 27 27
v 28 28
v 29 29
v 30 30
v 31 31
v 32 32
v 33 33
v 34 34
v 35 35
v 36 36
v 37 37
v 38 38
v 39 39
v 40 40
v 41 41
v 42 42
v 43 43
v 44 44
v 45 45
e 29 23 0
e 29 45 2
e 29 0 2
e 29 44 2
e 29 22 2
e 29 5 2
e 29 14 2
e 29 18 2
e 29 4 2
e 29 43 2
e 29 43 2
e 29 41 2
e 29 15 2
e 29 15 2
e 29 2 2
e 29 2 2
e 29 2 2
e 29 37 2
e 29 37 2
e 29 37 2
e 29 37 2
e 29 36 2
e 29 39 2
e 29 8 2
e 29 40 2
e 29 26 2
e 29 13 2
e 29 20 2
e 29 28 2
e 29 24 0
e 29 11 0
e 29 27 0
e 29 30 0
e 29 10 0
e 29 19 0
e 29 17 2
e 29 34 2
e 29 6 2
e 29 35 2
e 29 3 2
e 29 21 2
e 29 12 2
e 29 7 2
e 29 42 2
e 29 16 2
e 29 31 2
e 29 9 2
e 29 32 2
e 29 38 0
e 29 33 0
e 29 1 0
e 29 25 0
t # 331
v 0 0
v 1 1
e 1 0 0
e 1 0 0
t # 332
v 0 0
v 1 1
v 2 2
v 3 3
e 0 1 0
e 0 3 0
e 0 2 0
t # 333
v 0 0
v 1 1
v 2 2
v 3 3
e 2 1 0
e 2 0 0
e 2 3 0
t # 334
v 0 0
v 1 1
e 1 0 0
t # 335
v 0 0
v 1 1
v 2 2
v 3 3
e 0 2 0
e 0 3 0
e 0 1 0
t # 336
v 0 0
v 1 1
v 2 2
v 3 3
v 4 4
v 5 5
v 6 6
v 7 7
v 8 8
v 9 9
v 10 10
v 11 11
v 12 12
v 13 13
v 14 14
v 15 15
v 16 16
v 17 17
v 18 18
v 19 19
e 7 10 0
e 7 18 1
e 7 19 1
e 7 3 0
e 7 16 0
e 7 1 0
e 7 15 0
e 7 0 2
e 7 0 2
e 7 0 2
e 7 0 2
e 7 9 2
e 7 9 2
e 7 12 2
e 7 12 2
e 7 12 2
e 7 12 2
e 7 19 2
e 7 19 2
e 7 2 0
e 7 17 1
e 7 4 1
e 7 5 1
e 7 6 0
e 7 11 0
e 7 8 0
e 7 14 0
e 7 13 0
t # 337
v 0 0
v 1 1
e 1 0 0
t # 338
v 0 0
v 1 1
v 2 2
v 3 3
v 4 4
v 5 5
v 6 6
v 7 7
v 8 8
v 9 9
v 10 10
v 11 11
v 12 12
v 13 13
v 14 14
v 15 15
v 16 16
e 4 16 0
e 4 5 1
e 4 13 1
e 4 9 1
e 4 7 1
e 4 10 1
e 4 11 1
e 4 15 0
e 4 14 1
e 4 12 1
e 4 1 2
e 4 0 2
e 4 8 2
e 4 3 2
e 4 6 1
e 4 2 1
t # 339
v 0 0
v 1 1
v 2 2
v 3 3
v 4 4
e 1 4 0
e 1 3 0
e 1 0 0
e 1 2 0
t # 340
v 0 0
v 1 1
v 2 2
v 3 3
e 1 0 0
e 1 3 0
e 1 2 0
t # 341
v 0 0
v 1 1
v 2 2
v 3 3
v 4 4
e 0 1 0
e 0 1 0
e 0 4 0
e 0 2 0
e 0 3 0
t # 342
v 0 0
v 1 1
e 0 1 0
t # 343
v 0 0
v 1 1
v 2 2
e 1 2 1
e 1 0 1
t # 344
v 0 0
v 1 1
v 2 2
v 3 3
v 4 4
v 5 5
v 6 6
v 7 7
e 7 3 1
e 7 6 1
e 7 0 1
e 7 2 1
e 7 1 1
e 7 5 2
e 7 4 2
t # 345
v 0 0
v 1 1
e 0 1 0
t # 346
v 0 0
v 1 1
v 2 2
v 3 3
v 4 4
e 0 1 0
e 0 3 0
e 0 4 0
e 0 2 0
t # 347
v 0 0
v 1 1
v 2 2
e 2 0 0
e 2 1 0
t # 348
v 0 0
v 1 1
v 2 2
v 3 3
v 4 4
v 5 5
v 6 6
v 7 7
v 8 8
e 2 4 0
e 2 5 0
e 2 6 0
e 2 0 0
e 2 8 0
e 2 7 0
e 2 1 0
e 2 3 0
t # 349
v 0 0
v 1 1
v 2 2
v 3 3
v 4 4
v 5 5
v 6 6
v 7 7
v 8 8
e 0 1 0
e 0 8 0
e 0 5 0
e 0 4 0
e 0 2 0
e 0 7 0
e 0 3 0
e 0 6 0
e 0 5 0
e 0 4 0
t # 350
v 0 0
v 1 1
v 2 2
e 1 2 0
e 1 0 0
e 1 2 0
t # 351
v 0 0
v 1 1
e 1 0 0
t # 352
v 0 0
v 1 1
v 2 2
e 1 0 0
e 1 2 0
t # 353
v 0 0
v 1 1
e 0 1 0
t # 354
v 0 0
v 1 1
e 0 1 0
t # 355
v 0 0
v 1 1
v 2 2
v 3 3
v 4 4
e 3 4 2
e 3 4 2
e 3 4 2
e 3 2 2
e 3 1 2
e 3 0 2
t # 356
v 0 0
v 1 1
v 2 2
v 3 3
v 4 4
v 5 5
e 3 0 1
e 3 4 1
e 3 2 1
e 3 5 0
e 3 1 0
t # 357
v 0 0
v 1 1
v 2 2
e 1 0 0
e 1 2 0
t # 358
v 0 0
v 1 1
v 2 2
v 3 3
v 4 4
v 5 5
v 6 6
v 7 7
v 8 8
v 9 9
v 10 10
v 11 11
v 12 12
v 13 13
v 14 14
v 15 15
e 1 0 0
e 1 3 0
e 1 2 0
e 1 8 0
e 1 5 0
e 1 6 0
e 1 12 0
e 1 9 1
e 1 15 1
e 1 11 0
e 1 10 0
e 1 13 0
e 1 4 0
e 1 7 0
e 1 14 0
t # 359
v 0 0
v 1 1
e 0 1 0
t # 360
v 0 0
v 1 1
e 1 0 0
t # 361
v 0 0
v 1 1
e 1 0 0
t # 362
v 0 0
v 1 1
e 0 1 0
t # 363
v 0 0
v 1 1
v 2 2
v 3 3
v 4 4
v 5 5
v 6 6
v 7 7
v 8 8
v 9 9
v 10 10
v 11 11
e 4 3 0
e 4 8 0
e 4 10 0
e 4 11 0
e 4 6 0
e 4 0 0
e 4 7 0
e 4 9 0
e 4 2 0
e 4 5 0
e 4 1 0
t # 364
v 0 0
v 1 1
v 2 2
v 3 3
v 4 4
v 5 5
e 0 2 0
e 0 5 0
e 0 3 1
e 0 4 1
e 0 1 0
t # 365
v 0 0
v 1 1
v 2 2
e 0 1 0
e 0 2 0
t # 366
v 0 0
v 1 1
e 1 0 0
t # 367
v 0 0
v 1 1
v 2 2
e 1 2 0
e 1 0 0
t # 368
v 0 0
v 1 1
v 2 2
e 0 1 0
e 0 2 0
t # 369
v 0 0
v 1 1
v 2 2
e 2 0 0
e 2 1 0
t # 370
v 0 0
v 1 1
e 1 0 0
t # 371
v 0 0
v 1 1
v 2 2
v 3 3
e 1 3 0
e 1 2 1
e 1 0 1
t # 372
v 0 0
v 1 1
v 2 2
e 0 2 1
e 0 1 1
t # 373
v 0 0
v 1 1
e 1 0 0
t # 374
v 0 0
v 1 1
e 0 1 0
t # 375
v 0 0
v 1 1
v 2 2
v 3 3
v 4 4
v 5 5
v 6 6
v 7 7
v 8 8
v 9 9
v 10 10
v 11 11
v 12 12
v 13 13
v 14 14
v 15 15
v 16 16
v 17 17
v 18 18
v 19 19
v 20 20
e 5 1 0
e 5 2 0
e 5 16 0
e 5 13 0
e 5 4 0
e 5 15 0
e 5 7 0
e 5 12 0
e 5 6 0
e 5 3 0
e 5 20 0
e 5 10 0
e 5 14 0
e 5 17 0
e 5 18 0
e 5 11 0
e 5 8 0
e 5 9 0
e 5 19 0
e 5 0 0
t # 376
v 0 0
v 1 1
v 2 2
v 3 3
v 4 4
v 5 5
v 6 6
v 7 7
v 8 8
v 9 9
v 10 10
v 11 11
v 12 12
v 13 13
v 14 14
v 15 15
v 16 16
v 17 17
v 18 18
v 19 19
v 20 20
v 21 21
v 22 22
v 23 23
v 24 24
v 25 25
v 26 26
v 27 27
v 28 28
v 29 29
v 30 30
e 6 12 0
e 6 8 0
e 6 28 1
e 6 28 1
e 6 11 0
e 6 7 0
e 6 20 0
e 6 23 0
e 6 22 1
e 6 18 0
e 6 0 0
e 6 9 0
e 6 27 0
e 6 21 0
e 6 2 0
e 6 10 0
e 6 15 2
e 6 3 2
e 6 29 2
e 6 13 2
e 6 14 2
e 6 5 2
e 6 4 2
e 6 30 2
e 6 19 2
e 6 17 2
e 6 25 0
e 6 24 0
e 6 16 0
e 6 1 0
e 6 26 0
t # 377
v 0 0
v 1 1
v 2 2
v 3 3
v 4 4
v 5 5
e 5 4 0
e 5 0 0
e 5 1 0
e 5 3 0
e 5 2 0
t # 378
v 0 0
v 1 1
v 2 2
v 3 3
e 0 2 0
e 0 1 0
e 0 3 0
t # 379
v 0 0
v 1 1
e 1 0 0
t # 380
v 0 0
v 1 1
v 2 2
e 2 0 0
e 2 1 0
t # 381
v 0 0
v 1 1
v 2 2
e 1 0 0
e 1 2 0
t # 382
v 0 0
v 1 1
v 2 2
v 3 3
e 1 0 0
e 1 3 0
e 1 2 0
t # 383
v 0 0
v 1 1
v 2 2
v 3 3
v 4 4
v 5 5
v 6 6
v 7 7
v 8 8
v 9 9
v 10 10
v 11 11
e 5 1 0
e 5 10 0
e 5 2 0
e 5 4 0
e 5 6 0
e 5 9 0
e 5 11 0
e 5 7 0
e 5 0 0
e 5 8 0
e 5 3 0
t # 384
v 0 0
v 1 1
v 2 2
v 3 3
v 4 4
v 5 5
v 6 6
v 7 7
v 8 8
v 9 9
v 10 10
v 11 11
v 12 12
v 13 13
v 14 14
e 5 10 1
e 5 10 1
e 5 3 0
e 5 7 1
e 5 6 1
e 5 0 0
e 5 1 0
e 5 12 0
e 5 14 0
e 5 4 0
e 5 2 0
e 5 11 1
e 5 9 1
e 5 8 1
e 5 13 0
t # 385
v 0 0
v 1 1
e 0 1 0
t # 386
v 0 0
v 1 1
e 1 0 0
t # 387
v 0 0
v 1 1
v 2 2
v 3 3
v 4 4
v 5 5
v 6 6
v 7 7
v 8 8
e 0 3 0
e 0 4 0
e 0 1 2
e 0 5 2
e 0 7 2
e 0 6 2
e 0 8 2
e 0 2 2
t # 388
v 0 0
v 1 1
v 2 2
v 3 3
v 4 4
v 5 5
v 6 6
v 7 7
e 6 5 0
e 6 4 0
e 6 1 0
e 6 3 0
e 6 7 0
e 6 0 0
e 6 2 0
t # 389
v 0 0
v 1 1
v 2 2
v 3 3
e 1 2 0
e 1 0 0
e 1 3 0
t # 390
v 0 0
v 1 1
v 2 2
e 1 0 0
e 1 2 0
t # 391
v 0 0
v 1 1
v 2 2
v 3 3
v 4 4
v 5 5
e 4 1 0
e 4 2 0
e 4 0 0
e 4 5 0
e 4 3 0
t # 392
v 0 0
v 1 1
e 1 0 0
t # 393
v 0 0
v 1 1
e 1 0 0
t # 394
v 0 0
v 1 1
v 2 2
v 3 3
v 4 4
e 0 4 0
e 0 3 0
e 0 1 0
e 0 2 0
t # 395
v 0 0
v 1 1
v 2 2
v 3 3
v 4 4
v 5 5
v 6 6
v 7 7
v 8 8
v 9 9
v 10 10
v 11 11
e 8 10 1
e 8 10 1
e 8 3 1
e 8 3 1
e 8 9 1
e 8 1 1
e 8 6 1
e 8 6 1
e 8 0 0
e 8 11 0
e 8 2 0
e 8 4 1
e 8 7 1
e 8 7 1
e 8 5 0
t # 396
v 0 0
v 1 1
e 1 0 0
t # 397
v 0 0
v 1 1
v 2 2
e 1 2 0
e 1 0 0
t # 398
v 0 0
v 1 1
v 2 2
e 2 0 0
e 2 1 0
t # 399
v 0 0
v 1 1
v 2 2
v 3 3
v 4 4
v 5 5
e 1 5 1
e 1 0 1
e 1 2 1
e 1 3 1
e 1 4 1
t # 400
v 0 0
v 1 1
v 2 2
v 3 3
v 4 4
v 5 5
v 6 6
v 7 7
v 8 8
v 9 9
v 10 10
v 11 11
v 12 12
v 13 13
v 14 14
v 15 15
v 16 16
e 7 11 0
e 7 13 0
e 7 8 0
e 7 3 0
e 7 6 0
e 7 16 0
e 7 9 0
e 7 0 0
e 7 1 0
e 7 4 0
e 7 14 2
e 7 15 2
e 7 5 2
e 7 12 2
e 7 12 2
e 7 10 2
e 7 2 0
t # 401
v 0 0
v 1 1
v 2 2
v 3 3
v 4 4
e 3 4 0
e 3 2 0
e 3 1 0
e 3 0 0
t # 402
v 0 0
v 1 1
e 1 0 0
t # 403
v 0 0
v 1 1
e 1 0 0
t # 404
v 0 0
v 1 1
e 0 1 0
t # 405
v 0 0
v 1 1
v 2 2
v 3 3
e 2 0 0
e 2 1 0
e 2 3 0
t # 406
v 0 0
v 1 1
v 2 2
v 3 3
v 4 4
v 5 5
v 6 6
e 4 1 0
e 4 3 0
e 4 2 0
e 4 6 0
e 4 5 0
e 4 0 0
t # 407
v 0 0
v 1 1
v 2 2
v 3 3
v 4 4
v 5 5
e 4 2 2
e 4 5 2
e 4 1 2
e 4 3 2
e 4 0 2
t # 408
v 0 0
v 1 1
e 1 0 0
t # 409
v 0 0
v 1 1
e 0 1 0
t # 410
v 0 0
v 1 1
v 2 2
v 3 3
e 2 1 0
e 2 3 0
e 2 0 0
t # 411
v 0 0
v 1 1
v 2 2
e 1 2 0
e 1 0 0
t # 412
v 0 0
v 1 1
v 2 2
v 3 3
e 0 1 0
e 0 2 0
e 0 3 0
t # 413
v 0 0
v 1 1
e 0 1 0
t # 414
v 0 0
v 1 1
e 1 0 0
t # 415
v 0 0
v 1 1
v 2 2
v 3 3
e 3 0 0
e 3 0 0
e 3 1 0
e 3 2 0
e 3 2 0
t # 416
v 0 0
v 1 1
v 2 2
e 2 0 0
e 2 1 0
e 2 1 0
t # 417
v 0 0
v 1 1
v 2 2
v 3 3
v 4 4
v 5 5
v 6 6
v 7 7
v 8 8
v 9 9
v 10 10
v 11 11
v 12 12
v 13 13
v 14 14
v 15 15
v 16 16
v 17 17
v 18 18
e 0 9 0
e 0 4 0
e 0 12 0
e 0 10 0
e 0 2 0
e 0 16 0
e 0 17 0
e 0 1 0
e 0 7 0
e 0 6 0
e 0 18 0
e 0 3 0
e 0 8 0
e 0 11 0
e 0 5 0
e 0 14 0
e 0 15 0
e 0 13 0
t # 418
v 0 0
v 1 1
v 2 2
v 3 3
v 4 4
e 4 0 0
e 4 3 0
e 4 1 0
e 4 2 0
t # 419
v 0 0
v 1 1
v 2 2
v 3 3
e 2 0 0
e 2 3 0
e 2 1 0
t # 420
v 0 0
v 1 1
v 2 2
e 2 1 0
e 2 0 0
t # 421
v 0 0
v 1 1
e 1 0 0
t # 422
v 0 0
v 1 1
e 1 0 0
t # 423
v 0 0
v 1 1
e 0 1 0
t # 424
v 0 0
v 1 1
v 2 2
e 2 1 1
e 2 0 1
t # 425
v 0 0
v 1 1
e 0 1 0
t # 426
v 0 0
v 1 1
e 1 0 0
t # 427
v 0 0
v 1 1
e 1 0 0
t # 428
v 0 0
v 1 1
e 0 1 0
t # 429
v 0 0
v 1 1
e 1 0 0
t # 430
v 0 0
v 1 1
e 0 1 0
t # 431
v 0 0
v 1 1
e 1 0 0
t # 432
v 0 0
v 1 1
v 2 2
v 3 3
e 0 3 1
e 0 1 1
e 0 2 1
t # 433
v 0 0
v 1 1
e 0 1 0
t # 434
v 0 0
v 1 1
v 2 2
v 3 3
v 4 4
v 5 5
e 2 5 0
e 2 3 0
e 2 4 0
e 2 1 0
e 2 0 0
t # 435
v 0 0
v 1 1
e 0 1 0
t # 436
v 0 0
v 1 1
e 1 0 0
t # 437
v 0 0
v 1 1
v 2 2
v 3 3
v 4 4
v 5 5
v 6 6
v 7 7
v 8 8
v 9 9
v 10 10
v 11 11
v 12 12
v 13 13
v 14 14
v 15 15
v 16 16
v 17 17
v 18 18
v 19 19
v 20 20
v 21 21
e 15 18 2
e 15 18 2
e 15 18 2
e 15 13 2
e 15 13 2
e 15 13 2
e 15 3 2
e 15 3 2
e 15 16 2
e 15 16 2
e 15 16 2
e 15 9 2
e 15 10 2
e 15 18 2
e 15 18 2
e 15 21 2
e 15 6 2
e 15 7 2
e 15 7 2
e 15 7 2
e 15 7 2
e 15 0 2
e 15 14 2
e 15 17 2
e 15 17 2
e 15 17 2
e 15 17 2
e 15 10 2
e 15 10 2
e 15 10 2
e 15 10 2
e 15 10 2
e 15 12 2
e 15 12 2
e 15 12 2
e 15 12 2
e 15 20 2
e 15 8 2
e 15 8 2
e 15 8 2
e 15 8 2
e 15 8 2
e 15 19 2
e 15 2 2
e 15 11 2
e 15 7 2
e 15 7 2
e 15 7 2
e 15 7 2
e 15 1 2
e 15 1 2
e 15 1 2
e 15 1 2
e 15 1 2
e 15 10 2
e 15 18 2
e 15 18 2
e 15 18 2
e 15 18 2
e 15 12 2
e 15 12 2
e 15 4 2
e 15 4 2
e 15 4 2
e 15 4 2
e 15 4 2
e 15 1 2
e 15 1 2
e 15 1 2
e 15 1 2
e 15 14 2
e 15 14 2
e 15 14 2
e 15 14 2
e 15 14 2
e 15 5 2
e 15 8 2
e 15 8 2
e 15 8 2
e 15 8 2
e 15 8 2
e 15 3 2
e 15 3 2
e 15 3 2
e 15 3 2
e 15 3 2
t # 438
v 0 0
v 1 1
e 0 1 0
t # 439
v 0 0
v 1 1
e 1 0 0
t # 440
v 0 0
v 1 1
e 1 0 0
t # 441
v 0 0
v 1 1
e 0 1 0
t # 442
v 0 0
v 1 1
v 2 2
v 3 3
e 1 0 0
e 1 2 0
e 1 3 0
t # 443
v 0 0
v 1 1
e 1 0 0
t # 444
v 0 0
v 1 1
v 2 2
v 3 3
v 4 4
e 4 2 0
e 4 3 0
e 4 0 0
e 4 1 0
t # 445
v 0 0
v 1 1
v 2 2
v 3 3
v 4 4
v 5 5
v 6 6
v 7 7
v 8 8
v 9 9
v 10 10
v 11 11
e 8 4 0
e 8 10 0
e 8 7 0
e 8 11 0
e 8 5 0
e 8 1 0
e 8 3 0
e 8 9 0
e 8 0 0
e 8 6 0
e 8 2 0
t # 446
v 0 0
v 1 1
e 0 1 0
t # 447
v 0 0
v 1 1
e 0 1 0
t # 448
v 0 0
v 1 1
e 0 1 0
t # 449
v 0 0
v 1 1
e 0 1 0
t # 450
v 0 0
v 1 1
e 0 1 0
t # 451
v 0 0
v 1 1
v 2 2
v 3 3
e 3 0 0
e 3 2 0
e 3 1 0
t # 452
v 0 0
v 1 1
e 1 0 0
t # 453
v 0 0
v 1 1
e 1 0 0
t # 454
v 0 0
v 1 1
e 1 0 0
t # 455
v 0 0
v 1 1
v 2 2
v 3 3
e 1 3 1
e 1 2 1
e 1 0 1
t # 456
v 0 0
v 1 1
e 0 1 0
t # 457
v 0 0
v 1 1
v 2 2
v 3 3
e 1 2 0
e 1 3 0
e 1 0 0
t # 458
v 0 0
v 1 1
v 2 2
v 3 3
v 4 4
e 0 1 0
e 0 4 0
e 0 3 0
e 0 2 0
t # 459
v 0 0
v 1 1
e 1 0 0
t # 460
v 0 0
v 1 1
e 0 1 0
t # 461
v 0 0
v 1 1
e 1 0 0
t # 462
v 0 0
v 1 1
e 1 0 0
t # 463
v 0 0
v 1 1
e 0 1 0
t # 464
v 0 0
v 1 1
e 1 0 0
t # 465
v 0 0
v 1 1
e 0 1 0
t # 466
v 0 0
v 1 1
e 1 0 0
t # 467
v 0 0
v 1 1
v 2 2
v 3 3
v 4 4
e 1 4 0
e 1 2 0
e 1 3 0
e 1 0 0
t # 468
v 0 0
v 1 1
v 2 2
v 3 3
v 4 4
v 5 5
v 6 6
e 2 5 0
e 2 1 0
e 2 6 0
e 2 4 0
e 2 3 0
e 2 0 0
t # 469
v 0 0
v 1 1
v 2 2
v 3 3
v 4 4
v 5 5
v 6 6
v 7 7
v 8 8
v 9 9
v 10 10
v 11 11
e 3 8 0
e 3 4 0
e 3 0 0
e 3 5 0
e 3 6 0
e 3 10 0
e 3 11 0
e 3 9 0
e 3 7 0
e 3 1 0
e 3 2 0
t # 470
v 0 0
v 1 1
v 2 2
e 1 2 0
e 1 0 0
t # 471
v 0 0
v 1 1
v 2 2
v 3 3
e 2 1 1
e 2 3 1
e 2 0 1
t # 472
v 0 0
v 1 1
e 1 0 0
t # 473
v 0 0
v 1 1
v 2 2
v 3 3
v 4 4
v 5 5
v 6 6
v 7 7
e 4 0 0
e 4 5 0
e 4 1 0
e 4 3 0
e 4 6 0
e 4 7 0
e 4 2 0
t # 474
v 0 0
v 1 1
e 0 1 0
t # 475
v 0 0
v 1 1
e 1 0 0
t # 476
v 0 0
v 1 1
v 2 2
v 3 3
v 4 4
v 5 5
v 6 6
v 7 7
e 1 3 2
e 1 7 2
e 1 5 2
e 1 2 2
e 1 4 2
e 1 0 2
e 1 6 2
t # 477
v 0 0
v 1 1
e 0 1 0
t # 478
v 0 0
v 1 1
v 2 2
v 3 3
v 4 4
v 5 5
v 6 6
e 6 5 0
e 6 3 0
e 6 4 0
e 6 1 0
e 6 2 0
e 6 0 0
t # 479
v 0 0
v 1 1
e 1 0 0
t # 480
v 0 0
v 1 1
e 0 1 0
t # 481
v 0 0
v 1 1
e 0 1 0
t # 482
v 0 0
v 1 1
e 1 0 0
t # 483
v 0 0
v 1 1
e 1 0 0
t # 484
v 0 0
v 1 1
e 1 0 0
t # 485
v 0 0
v 1 1
e 0 1 0
t # 486
v 0 0
v 1 1
e 1 0 0
t # 487
v 0 0
v 1 1
v 2 2
e 1 0 0
e 1 2 0
t # 488
v 0 0
v 1 1
e 0 1 0
t # 489
v 0 0
v 1 1
e 1 0 1
t # 490
v 0 0
v 1 1
v 2 2
v 3 3
v 4 4
v 5 5
v 6 6
v 7 7
v 8 8
v 9 9
v 10 10
v 11 11
e 5 6 2
e 5 10 2
e 5 2 2
e 5 9 2
e 5 3 2
e 5 8 2
e 5 7 2
e 5 7 2
e 5 7 2
e 5 1 2
e 5 11 2
e 5 11 2
e 5 11 2
e 5 4 2
e 5 0 2
e 5 0 2
e 5 0 2
t # 491
v 0 0
v 1 1
v 2 2
v 3 3
v 4 4
v 5 5
e 0 5 0
e 0 3 0
e 0 2 0
e 0 1 0
e 0 4 0
e 0 3 0
t # 492
v 0 0
v 1 1
v 2 2
v 3 3
v 4 4
v 5 5
v 6 6
v 7 7
v 8 8
v 9 9
v 10 10
v 11 11
v 12 12
v 13 13
v 14 14
v 15 15
v 16 16
v 17 17
v 18 18
v 19 19
v 20 20
v 21 21
e 14 7 0
e 14 20 2
e 14 9 2
e 14 9 2
e 14 9 2
e 14 9 2
e 14 9 2
e 14 9 2
e 14 15 0
e 14 3 0
e 14 12 0
e 14 11 1
e 14 21 1
e 14 6 0
e 14 19 0
e 14 13 1
e 14 10 1
e 14 2 1
e 14 0 0
e 14 18 0
e 14 17 0
e 14 8 0
e 14 5 0
e 14 1 0
e 14 16 0
e 14 4 0
t # 493
v 0 0
v 1 1
v 2 2
e 2 1 0
e 2 0 0
t # 494
v 0 0
v 1 1
e 1 0 0
t # 495
v 0 0
v 1 1
v 2 2
v 3 3
v 4 4
v 5 5
v 6 6
v 7 7
v 8 8
v 9 9
v 10 10
v 11 11
v 12 12
v 13 13
e 10 0 1
e 10 1 1
e 10 2 1
e 10 5 1
e 10 8 1
e 10 9 1
e 10 4 0
e 10 3 1
e 10 3 1
e 10 3 1
e 10 3 1
e 10 7 1
e 10 12 1
e 10 13 1
e 10 11 1
e 10 6 1
t # 496
v 0 0
v 1 1
v 2 2
v 3 3
v 4 4
v 5 5
v 6 6
e 2 3 0
e 2 6 0
e 2 0 0
e 2 5 0
e 2 4 0
e 2 1 0
t # 497
v 0 0
v 1 1
v 2 2
v 3 3
v 4 4
v 5 5
v 6 6
v 7 7
v 8 8
e 1 5 0
e 1 7 0
e 1 0 0
e 1 4 0
e 1 8 0
e 1 3 0
e 1 6 0
e 1 2 0
t # 498
v 0 0
v 1 1
v 2 2
e 0 1 0
e 0 2 0
t # 499
v 0 0
v 1 1
e 1 0 1
e 1 0 1
t # 500
v 0 0
v 1 1
v 2 2
e 0 2 1
e 0 1 1
t # 501
v 0 0
v 1 1
v 2 2
e 2 1 0
e 2 0 0
t # 502
v 0 0
v 1 1
v 2 2
e 0 2 1
e 0 1 1
t # 503
v 0 0
v 1 1
v 2 2
v 3 3
v 4 4
v 5 5
v 6 6
v 7 7
v 8 8
v 9 9
v 10 10
v 11 11
v 12 12
v 13 13
v 14 14
v 15 15
e 5 4 0
e 5 9 0
e 5 10 0
e 5 12 0
e 5 11 0
e 5 14 0
e 5 6 0
e 5 15 0
e 5 10 0
e 5 13 0
e 5 1 0
e 5 7 0
e 5 3 0
e 5 8 0
e 5 0 0
e 5 2 0
t # 504
v 0 0
v 1 1
e 1 0 0
t # 505
v 0 0
v 1 1
v 2 2
v 3 3
e 0 3 0
e 0 1 0
e 0 2 0
t # 506
v 0 0
v 1 1
e 0 1 0
t # 507
v 0 0
v 1 1
e 1 0 0
t # 508
v 0 0
v 1 1
v 2 2
v 3 3
e 0 3 0
e 0 2 0
e 0 1 0
t # 509
v 0 0
v 1 1
v 2 2
v 3 3
e 0 1 0
e 0 3 0
e 0 1 0
e 0 2 0
t # 510
v 0 0
v 1 1
v 2 2
e 2 0 0
e 2 1 0
t # 511
v 0 0
v 1 1
v 2 2
v 3 3
v 4 4
v 5 5
v 6 6
v 7 7
v 8 8
v 9 9
v 10 10
v 11 11
v 12 12
e 10 12 0
e 10 4 0
e 10 11 2
e 10 8 2
e 10 1 2
e 10 6 2
e 10 9 2
e 10 0 2
e 10 7 0
e 10 2 0
e 10 5 0
e 10 3 0
t # 512
v 0 0
v 1 1
v 2 2
v 3 3
v 4 4
e 0 3 0
e 0 2 0
e 0 1 0
e 0 4 0
t # 513
v 0 0
v 1 1
v 2 2
e 2 1 0
e 2 0 0
t # 514
v 0 0
v 1 1
v 2 2
v 3 3
e 1 0 0
e 1 3 0
e 1 2 0
t # 515
v 0 0
v 1 1
e 0 1 0
t # 516
v 0 0
v 1 1
e 0 1 0
t # 517
v 0 0
v 1 1
v 2 2
e 0 1 0
e 0 2 1
t # 518
v 0 0
v 1 1
v 2 2
e 1 0 1
e 1 2 0
t # 519
v 0 0
v 1 1
e 0 1 0
t # 520
v 0 0
v 1 1
v 2 2
e 1 2 0
e 1 0 0
t # 521
v 0 0
v 1 1
v 2 2
v 3 3
v 4 4
v 5 5
e 4 1 0
e 4 3 0
e 4 0 0
e 4 5 0
e 4 2 0
t # 522
v 0 0
v 1 1
v 2 2
e 1 0 0
e 1 2 0
t # 523
v 0 0
v 1 1
v 2 2
v 3 3
e 0 1 0
e 0 2 0
e 0 3 0
t # 524
v 0 0
v 1 1
v 2 2
e 1 0 0
e 1 2 0
t # 525
v 0 0
v 1 1
v 2 2
e 2 0 1
e 2 1 1
t # 526
v 0 0
v 1 1
e 0 1 0
t # 527
v 0 0
v 1 1
e 0 1 0
t # 528
v 0 0
v 1 1
e 1 0 0
t # 529
v 0 0
v 1 1
e 1 0 0
t # 530
v 0 0
v 1 1
v 2 2
v 3 3
v 4 4
v 5 5
e 2 1 1
e 2 1 1
e 2 4 1
e 2 4 1
e 2 5 1
e 2 0 1
e 2 3 1
t # 531
v 0 0
v 1 1
e 1 0 0
t # 532
v 0 0
v 1 1
v 2 2
e 2 1 0
e 2 0 0
t # 533
v 0 0
v 1 1
e 1 0 0
t # 534
v 0 0
v 1 1
e 1 0 0
t # 535
v 0 0
v 1 1
v 2 2
v 3 3
v 4 4
v 5 5
v 6 6
v 7 7
v 8 8
v 9 9
v 10 10
v 11 11
v 12 12
v 13 13
v 14 14
e 5 0 1
e 5 9 1
e 5 8 1
e 5 2 1
e 5 3 1
e 5 10 1
e 5 4 1
e 5 11 1
e 5 6 1
e 5 7 1
e 5 12 2
e 5 1 2
e 5 14 2
e 5 13 2
t # 536
v 0 0
v 1 1
v 2 2
e 0 2 0
e 0 1 1
t # 537
v 0 0
v 1 1
e 0 1 0
t # 538
v 0 0
v 1 1
e 0 1 0
t # 539
v 0 0
v 1 1
e 0 1 0
t # 540
v 0 0
v 1 1
e 0 1 0
t # 541
v 0 0
v 1 1
e 0 1 0
t # 542
v 0 0
v 1 1
e 0 1 0
t # 543
v 0 0
v 1 1
v 2 2
e 2 0 0
e 2 1 0
t # 544
v 0 0
v 1 1
e 0 1 0
t # 545
v 0 0
v 1 1
e 0 1 0
t # 546
v 0 0
v 1 1
v 2 2
v 3 3
v 4 4
e 0 2 0
e 0 3 0
e 0 1 0
e 0 3 0
e 0 4 0
t # 547
v 0 0
v 1 1
v 2 2
e 0 2 1
e 0 1 1
t # 548
v 0 0
v 1 1
e 0 1 0
t # 549
v 0 0
v 1 1
v 2 2
v 3 3
e 0 2 0
e 0 1 0
e 0 3 0
t # 550
v 0 0
v 1 1
v 2 2
v 3 3
e 3 1 1
e 3 2 1
e 3 0 0
t # 551
v 0 0
v 1 1
e 0 1 0
t # 552
v 0 0
v 1 1
e 1 0 0
t # 553
v 0 0
v 1 1
e 1 0 0
t # 554
v 0 0
v 1 1
e 1 0 0
t # 555
v 0 0
v 1 1
v 2 2
v 3 3
e 0 1 0
e 0 3 0
e 0 2 0
t # 556
v 0 0
v 1 1
e 0 1 0
t # 557
v 0 0
v 1 1
e 1 0 0
t # 558
v 0 0
v 1 1
e 1 0 0
t # 559
v 0 0
v 1 1
e 1 0 0
t # 560
v 0 0
v 1 1
e 0 1 0
t # 561
v 0 0
v 1 1
v 2 2
e 1 2 1
e 1 0 1
t # 562
v 0 0
v 1 1
v 2 2
v 3 3
v 4 4
v 5 5
v 6 6
v 7 7
v 8 8
e 7 3 0
e 7 1 0
e 7 0 0
e 7 6 0
e 7 2 0
e 7 8 0
e 7 4 0
e 7 5 0
t # 563
v 0 0
v 1 1
v 2 2
e 2 1 0
e 2 0 0
t # 564
v 0 0
v 1 1
e 1 0 0
t # 565
v 0 0
v 1 1
e 1 0 0
t # 566
v 0 0
v 1 1
e 1 0 0
t # 567
v 0 0
v 1 1
v 2 2
e 2 1 1
e 2 1 1
e 2 1 1
e 2 0 0
t # 568
v 0 0
v 1 1
v 2 2
v 3 3
e 1 0 0
e 1 2 0
e 1 3 0
t # 569
v 0 0
v 1 1
v 2 2
e 0 1 0
e 0 2 0
t # 570
v 0 0
v 1 1
e 0 1 0
t # 571
v 0 0
v 1 1
e 1 0 0
t # 572
v 0 0
v 1 1
e 1 0 0
t # 573
v 0 0
v 1 1
v 2 2
e 1 2 0
e 1 0 0
t # 574
v 0 0
v 1 1
v 2 2
v 3 3
v 4 4
v 5 5
v 6 6
e 6 3 2
e 6 0 2
e 6 1 2
e 6 2 2
e 6 5 2
e 6 4 2
t # 575
v 0 0
v 1 1
e 1 0 0
t # 576
v 0 0
v 1 1
v 2 2
v 3 3
e 0 3 1
e 0 3 1
e 0 2 0
e 0 1 0
t # 577
v 0 0
v 1 1
e 0 1 0
t # 578
v 0 0
v 1 1
e 0 1 2
e 0 1 2
e 0 1 2
t # 579
v 0 0
v 1 1
v 2 2
v 3 3
v 4 4
e 0 2 0
e 0 4 0
e 0 1 0
e 0 3 0
t # 580
v 0 0
v 1 1
e 1 0 0
t # 581
v 0 0
v 1 1
v 2 2
e 0 2 1
e 0 1 1
t # 582
v 0 0
v 1 1
v 2 2
e 2 0 1
e 2 1 1
t # 583
v 0 0
v 1 1
v 2 2
v 3 3
v 4 4
v 5 5
v 6 6
v 7 7
e 6 7 0
e 6 5 0
e 6 3 0
e 6 1 0
e 6 2 0
e 6 0 0
e 6 4 0
t # 584
v 0 0
v 1 1
e 1 0 0
t # 585
v 0 0
v 1 1
e 0 1 1
t # 586
v 0 0
v 1 1
e 1 0 0
t # 587
v 0 0
v 1 1
e 0 1 0
t # 588
v 0 0
v 1 1
e 1 0 0
t # 589
v 0 0
v 1 1
e 1 0 0
t # 590
v 0 0
v 1 1
e 1 0 0
t # 591
v 0 0
v 1 1
e 0 1 0
t # 592
v 0 0
v 1 1
v 2 2
v 3 3
v 4 4
e 1 3 1
e 1 4 0
e 1 2 0
e 1 0 1
t # 593
v 0 0
v 1 1
v 2 2
v 3 3
e 1 2 1
e 1 0 1
e 1 0 1
e 1 0 1
e 1 3 1
t # 594
v 0 0
v 1 1
e 0 1 0
t # 595
v 0 0
v 1 1
e 0 1 0
t # 596
v 0 0
v 1 1
e 0 1 0
t # 597
v 0 0
v 1 1
e 0 1 0
t # 598
v 0 0
v 1 1
e 1 0 0
t # 599
v 0 0
v 1 1
e 1 0 0
t # 600
v 0 0
v 1 1
v 2 2
e 1 2 1
e 1 0 1
t # 601
v 0 0
v 1 1
v 2 2
e 1 0 0
e 1 2 0
t # 602
v 0 0
v 1 1
v 2 2
e 1 2 1
e 1 0 1
t # 603
v 0 0
v 1 1
e 0 1 0
t # 604
v 0 0
v 1 1
e 1 0 0
t # 605
v 0 0
v 1 1
v 2 2
e 0 2 0
e 0 1 0
t # 606
v 0 0
v 1 1
e 0 1 0
t # 607
v 0 0
v 1 1
e 1 0 0
t # 608
v 0 0
v 1 1
v 2 2
e 1 2 1
e 1 0 1
t # 609
v 0 0
v 1 1
e 0 1 0
t # 610
v 0 0
v 1 1
e 0 1 0
t # 611
v 0 0
v 1 1
e 0 1 0
t # 612
v 0 0
v 1 1
e 0 1 0
t # 613
v 0 0
v 1 1
v 2 2
e 0 2 2
e 0 1 2
t # 614
v 0 0
v 1 1
e 1 0 0
t # 615
v 0 0
v 1 1
e 1 0 0
t # 616
v 0 0
v 1 1
v 2 2
v 3 3
e 3 0 0
e 3 2 0
e 3 1 0
t # 617
v 0 0
v 1 1
e 1 0 1
t # 618
v 0 0
v 1 1
v 2 2
e 2 0 0
e 2 1 0
