t # 0
v 0 0
v 1 1
v 2 2
v 3 3
v 4 4
v 5 5
v 6 6
v 7 7
v 8 8
v 9 9
v 10 10
v 11 11
v 12 12
e 0 1 0
e 0 9 2
e 0 8 2
e 0 8 2
e 0 7 2
e 0 3 2
e 0 3 2
e 0 5 2
e 0 5 2
e 0 10 2
e 0 10 2
e 0 11 2
e 0 11 2
e 0 5 1
e 0 4 1
e 0 4 1
e 0 6 2
e 0 6 2
e 0 10 2
e 0 2 2
e 0 2 2
e 0 12 2
e 0 12 2
e 0 11 2
e 0 11 2
t # 1
v 0 0
v 1 1
v 2 2
v 3 3
v 4 4
v 5 5
v 6 6
e 4 2 0
e 4 3 0
e 4 1 0
e 4 0 0
e 4 6 0
e 4 5 0
t # 2
v 0 0
v 1 1
v 2 2
v 3 3
v 4 4
v 5 5
v 6 6
v 7 7
v 8 8
v 9 9
v 10 10
e 6 7 2
e 6 7 2
e 6 7 2
e 6 7 2
e 6 7 2
e 6 4 2
e 6 9 2
e 6 9 2
e 6 9 2
e 6 9 2
e 6 9 2
e 6 10 1
e 6 5 1
e 6 8 1
e 6 3 1
e 6 0 2
e 6 1 0
e 6 2 1
t # 3
v 0 0
v 1 1
v 2 2
v 3 3
v 4 4
v 5 5
v 6 6
v 7 7
v 8 8
v 9 9
v 10 10
v 11 11
v 12 12
v 13 13
v 14 14
v 15 15
v 16 16
v 17 17
v 18 18
e 17 0 1
e 17 6 0
e 17 16 1
e 17 8 0
e 17 14 0
e 17 10 0
e 17 1 0
e 17 18 0
e 17 13 0
e 17 5 0
e 17 4 0
e 17 12 0
e 17 15 0
e 17 2 0
e 17 11 0
e 17 7 1
e 17 7 1
e 17 9 1
e 17 9 1
e 17 3 0
t # 4
v 0 0
v 1 1
v 2 2
v 3 3
v 4 4
v 5 5
v 6 6
v 7 7
v 8 8
v 9 9
v 10 10
v 11 11
v 12 12
v 13 13
v 14 14
v 15 15
v 16 16
v 17 17
v 18 18
v 19 19
v 20 20
v 21 21
v 22 22
v 23 23
v 24 24
v 25 25
v 26 26
v 27 27
v 28 28
v 29 29
v 30 30
v 31 31
v 32 32
v 33 33
v 34 34
v 35 35
v 36 36
v 37 37
v 38 38
v 39 39
v 40 40
v 41 41
v 42 42
v 43 43
v 44 44
v 45 45
v 46 46
v 47 47
v 48 48
v 49 49
v 50 50
v 51 51
v 52 52
v 53 53
v 54 54
v 55 55
v 56 56
v 57 57
v 58 58
v 59 59
v 60 60
v 61 61
v 62 62
v 63 63
v 64 64
v 65 65
v 66 66
v 67 67
v 68 68
v 69 69
v 70 70
v 71 71
v 72 72
v 73 73
v 74 74
v 75 75
v 76 76
v 77 77
v 78 78
v 79 79
v 80 80
v 81 81
v 82 82
v 83 83
v 84 84
v 85 85
v 86 86
v 87 87
v 88 88
v 89 89
v 90 90
v 91 91
v 92 92
v 93 93
v 94 94
v 95 95
v 96 96
v 97 97
v 98 98
v 99 99
v 100 100
v 101 101
v 102 102
v 103 103
v 104 104
v 105 105
v 106 106
v 107 107
v 108 108
v 109 109
v 110 110
v 111 111
v 112 112
v 113 113
v 114 114
v 115 115
v 116 116
v 117 117
v 118 118
v 119 119
v 120 120
v 121 121
v 122 122
v 123 123
v 124 124
v 125 125
v 126 126
v 127 127
v 128 128
v 129 129
v 130 130
v 131 131
v 132 132
v 133 133
v 134 134
v 135 135
v 136 136
v 137 137
v 138 138
v 139 139
v 140 140
e 122 34 0
e 122 50 0
e 122 13 0
e 122 85 0
e 122 64 0
e 122 59 0
e 122 61 0
e 122 62 0
e 122 131 0
e 122 99 0
e 122 134 0
e 122 33 0
e 122 138 0
e 122 31 0
e 122 128 0
e 122 73 0
e 122 63 0
e 122 117 2
e 122 55 0
e 122 127 0
e 122 104 0
e 122 4 0
e 122 128 0
e 122 20 0
e 122 17 0
e 122 18 0
e 122 7 0
e 122 51 0
e 122 58 0
e 122 103 0
e 122 36 0
e 122 56 0
e 122 120 1
e 122 40 0
e 122 52 0
e 122 37 0
e 122 106 0
e 122 43 0
e 122 119 0
e 122 19 0
e 122 96 0
e 122 139 0
e 122 35 0
e 122 10 0
e 122 54 1
e 122 54 1
e 122 57 1
e 122 51 0
e 122 3 0
e 122 109 0
e 122 29 0
e 122 32 0
e 122 2 0
e 122 75 0
e 122 22 0
e 122 136 0
e 122 1 0
e 122 71 0
e 122 113 0
e 122 89 0
e 122 65 0
e 122 133 0
e 122 48 0
e 122 25 0
e 122 0 0
e 122 115 0
e 122 86 0
e 122 121 0
e 122 26 0
e 122 44 0
e 122 5 0
e 122 98 0
e 122 112 0
e 122 30 0
e 122 47 0
e 122 80 0
e 122 135 0
e 122 49 0
e 122 41 0
e 122 105 0
e 122 132 0
e 122 92 0
e 122 8 0
e 122 6 0
e 122 129 0
e 122 43 0
e 122 53 0
e 122 83 0
e 122 88 0
e 122 11 0
e 122 27 0
e 122 28 0
e 122 116 0
e 122 24 1
e 122 24 1
e 122 78 1
e 122 36 0
e 122 45 0
e 122 44 0
e 122 97 0
e 122 77 0
e 122 67 0
e 122 140 0
e 122 32 0
e 122 53 0
e 122 123 0
e 122 53 0
e 122 108 0
e 122 38 0
e 122 93 0
e 122 14 0
e 122 15 0
e 122 110 0
e 122 23 0
e 122 130 0
e 122 44 0
e 122 94 0
e 122 92 0
e 122 126 0
e 122 12 0
e 122 76 0
e 122 69 0
e 122 46 0
e 122 9 0
e 122 81 0
e 122 60 0
e 122 102 0
e 122 82 0
e 122 42 0
e 122 84 0
e 122 51 0
e 122 100 0
e 122 124 1
e 122 124 1
e 122 124 1
e 122 118 0
e 122 90 0
e 122 68 0
e 122 101 0
e 122 21 0
e 122 42 0
e 122 137 0
e 122 125 0
e 122 91 1
e 122 124 0
e 122 32 0
e 122 44 0
e 122 95 1
e 122 95 1
e 122 70 0
e 122 42 0
e 122 43 0
e 122 123 0
e 122 87 0
e 122 114 0
e 122 111 0
e 122 107 0
e 122 66 0
e 122 79 0
e 122 16 0
e 122 76 0
e 122 84 0
e 122 74 0
e 122 39 0
e 122 72 0
t # 5
v 0 0
v 1 1
v 2 2
v 3 3
v 4 4
v 5 5
v 6 6
v 7 7
v 8 8
v 9 9
v 10 10
v 11 11
v 12 12
v 13 13
v 14 14
v 15 15
v 16 16
v 17 17
v 18 18
v 19 19
v 20 20
v 21 21
v 22 22
v 23 23
v 24 24
v 25 25
v 26 26
v 27 27
v 28 28
v 29 29
v 30 30
v 31 31
v 32 32
v 33 33
v 34 34
v 35 35
v 36 36
v 37 37
v 38 38
v 39 39
v 40 40
v 41 41
v 42 42
v 43 43
v 44 44
v 45 45
v 46 46
v 47 47
v 48 48
v 49 49
v 50 50
v 51 51
v 52 52
v 53 53
v 54 54
v 55 55
v 56 56
e 36 50 0
e 36 55 0
e 36 41 0
e 36 33 0
e 36 1 0
e 36 52 0
e 36 15 0
e 36 56 0
e 36 54 0
e 36 54 0
e 36 53 0
e 36 2 0
e 36 18 0
e 36 32 0
e 36 16 0
e 36 11 0
e 36 12 0
e 36 31 0
e 36 43 0
e 36 54 0
e 36 0 0
e 36 34 0
e 36 35 0
e 36 22 0
e 36 49 0
e 36 51 0
e 36 38 0
e 36 48 0
e 36 8 0
e 36 20 0
e 36 19 0
e 36 5 0
e 36 10 0
e 36 45 0
e 36 46 0
e 36 30 0
e 36 28 0
e 36 3 0
e 36 17 0
e 36 14 0
e 36 9 0
e 36 26 0
e 36 24 0
e 36 4 0
e 36 7 0
e 36 21 0
e 36 25 0
e 36 42 0
e 36 37 0
e 36 27 0
e 36 6 0
e 36 39 0
e 36 44 0
e 36 47 0
e 36 13 0
e 36 40 0
e 36 23 0
e 36 29 0
t # 6
v 0 0
v 1 1
v 2 2
v 3 3
e 0 2 0
e 0 1 0
e 0 3 0
t # 7
v 0 0
v 1 1
e 0 1 0
t # 8
v 0 0
v 1 1
v 2 2
v 3 3
v 4 4
v 5 5
v 6 6
v 7 7
v 8 8
v 9 9
v 10 10
v 11 11
v 12 12
v 13 13
v 14 14
v 15 15
e 6 2 2
e 6 2 2
e 6 0 2
e 6 0 2
e 6 0 2
e 6 0 2
e 6 3 0
e 6 1 1
e 6 14 1
e 6 14 1
e 6 14 1
e 6 14 1
e 6 9 2
e 6 7 2
e 6 15 2
e 6 12 2
e 6 13 2
e 6 4 2
e 6 10 2
e 6 8 2
e 6 11 2
e 6 5 2
t # 9
v 0 0
v 1 1
v 2 2
v 3 3
v 4 4
v 5 5
v 6 6
v 7 7
v 8 8
v 9 9
v 10 10
v 11 11
v 12 12
v 13 13
v 14 14
v 15 15
v 16 16
v 17 17
v 18 18
v 19 19
v 20 20
v 21 21
v 22 22
v 23 23
v 24 24
v 25 25
v 26 26
v 27 27
v 28 28
v 29 29
v 30 30
v 31 31
v 32 32
v 33 33
v 34 34
v 35 35
v 36 36
v 37 37
v 38 38
v 39 39
v 40 40
v 41 41
v 42 42
v 43 43
v 44 44
v 45 45
v 46 46
v 47 47
v 48 48
v 49 49
v 50 50
v 51 51
v 52 52
v 53 53
v 54 54
v 55 55
v 56 56
v 57 57
v 58 58
v 59 59
v 60 60
v 61 61
v 62 62
v 63 63
v 64 64
v 65 65
v 66 66
v 67 67
v 68 68
v 69 69
v 70 70
v 71 71
v 72 72
v 73 73
v 74 74
v 75 75
v 76 76
v 77 77
v 78 78
v 79 79
v 80 80
v 81 81
v 82 82
v 83 83
v 84 84
v 85 85
v 86 86
v 87 87
v 88 88
v 89 89
v 90 90
v 91 91
v 92 92
v 93 93
v 94 94
v 95 95
v 96 96
v 97 97
v 98 98
v 99 99
v 100 100
v 101 101
v 102 102
v 103 103
v 104 104
v 105 105
v 106 106
v 107 107
v 108 108
v 109 109
v 110 110
v 111 111
v 112 112
v 113 113
v 114 114
v 115 115
v 116 116
v 117 117
v 118 118
v 119 119
v 120 120
v 121 121
v 122 122
v 123 123
v 124 124
v 125 125
v 126 126
v 127 127
v 128 128
v 129 129
v 130 130
v 131 131
v 132 132
v 133 133
v 134 134
v 135 135
v 136 136
v 137 137
v 138 138
v 139 139
v 140 140
e 119 53 1
e 119 76 1
e 119 50 0
e 119 89 0
e 119 27 0
e 119 125 0
e 119 62 0
e 119 89 0
e 119 9 1
e 119 118 1
e 119 13 0
e 119 64 0
e 119 61 0
e 119 34 0
e 119 137 0
e 119 80 0
e 119 33 0
e 119 40 0
e 119 11 0
e 119 32 0
e 119 102 0
e 119 84 0
e 119 94 0
e 119 36 0
e 119 95 0
e 119 68 0
e 119 45 0
e 119 18 0
e 119 112 0
e 119 46 0
e 119 85 0
e 119 42 0
e 119 82 0
e 119 43 0
e 119 2 0
e 119 6 0
e 119 81 0
e 119 55 0
e 119 23 0
e 119 83 0
e 119 25 0
e 119 131 0
e 119 79 0
e 119 59 0
e 119 139 0
e 119 8 0
e 119 100 2
e 119 122 2
e 119 122 2
e 119 110 2
e 119 129 2
e 119 15 0
e 119 16 0
e 119 44 0
e 119 88 0
e 119 54 0
e 119 3 0
e 119 67 0
e 119 130 0
e 119 135 0
e 119 75 0
e 119 96 0
e 119 37 0
e 119 84 0
e 119 114 0
e 119 126 0
e 119 74 0
e 119 104 0
e 119 0 0
e 119 29 0
e 119 47 0
e 119 78 0
e 119 107 0
e 119 73 0
e 119 136 0
e 119 91 0
e 119 7 0
e 119 78 0
e 119 123 0
e 119 17 0
e 119 71 0
e 119 90 0
e 119 138 0
e 119 130 0
e 119 113 0
e 119 96 0
e 119 49 2
e 119 35 2
e 119 127 2
e 119 31 2
e 119 4 2
e 119 28 2
e 119 108 2
e 119 60 2
e 119 121 2
e 119 24 2
e 119 58 0
e 119 124 0
e 119 1 0
e 119 115 0
e 119 21 0
e 119 56 0
e 119 111 0
e 119 19 0
e 119 92 0
e 119 39 0
e 119 10 0
e 119 109 0
e 119 72 0
e 119 106 0
e 119 98 0
e 119 130 0
e 119 41 0
e 119 41 0
e 119 30 0
e 119 117 0
e 119 22 0
e 119 69 0
e 119 132 0
e 119 128 0
e 119 133 0
e 119 99 0
e 119 5 1
e 119 77 1
e 119 99 0
e 119 105 0
e 119 134 0
e 119 65 0
e 119 70 0
e 119 63 0
e 119 103 0
e 119 48 0
e 119 93 0
e 119 52 0
e 119 101 0
e 119 120 0
e 119 116 0
e 119 97 0
e 119 19 0
e 119 66 1
e 119 140 1
e 119 134 0
e 119 131 0
e 119 14 0
e 119 20 0
e 119 87 0
e 119 26 0
e 119 12 0
e 119 51 0
e 119 38 0
e 119 86 1
e 119 57 0
t # 10
v 0 0
v 1 1
e 0 1 0
t # 11
v 0 0
v 1 1
v 2 2
v 3 3
v 4 4
v 5 5
v 6 6
v 7 7
v 8 8
v 9 9
v 10 10
v 11 11
v 12 12
v 13 13
v 14 14
v 15 15
v 16 16
e 15 2 0
e 15 1 0
e 15 7 0
e 15 12 0
e 15 13 1
e 15 4 1
e 15 5 0
e 15 8 0
e 15 3 0
e 15 10 0
e 15 0 0
e 15 9 0
e 15 14 0
e 15 14 0
e 15 6 0
e 15 16 0
e 15 11 0
t # 12
v 0 0
v 1 1
v 2 2
v 3 3
v 4 4
v 5 5
e 3 2 0
e 3 1 0
e 3 0 0
e 3 5 0
e 3 4 0
t # 13
v 0 0
v 1 1
v 2 2
v 3 3
v 4 4
v 5 5
v 6 6
v 7 7
v 8 8
v 9 9
v 10 10
v 11 11
v 12 12
v 13 13
v 14 14
v 15 15
v 16 16
v 17 17
v 18 18
v 19 19
v 20 20
v 21 21
v 22 22
v 23 23
v 24 24
v 25 25
v 26 26
v 27 27
v 28 28
v 29 29
v 30 30
v 31 31
v 32 32
v 33 33
v 34 34
v 35 35
v 36 36
v 37 37
v 38 38
v 39 39
e 12 25 1
e 12 1 0
e 12 3 1
e 12 3 1
e 12 3 1
e 12 26 0
e 12 20 0
e 12 34 0
e 12 13 0
e 12 5 1
e 12 30 1
e 12 10 1
e 12 9 2
e 12 6 2
e 12 19 0
e 12 28 0
e 12 0 0
e 12 9 2
e 12 29 2
e 12 35 2
e 12 8 2
e 12 37 2
e 12 22 2
e 12 4 2
e 12 2 0
e 12 7 2
e 12 32 2
e 12 18 0
e 12 14 0
e 12 11 0
e 12 31 0
e 12 15 1
e 12 23 1
e 12 16 1
e 12 39 1
e 12 39 1
e 12 17 0
e 12 36 1
e 12 24 1
e 12 24 1
e 12 24 1
e 12 24 1
e 12 33 0
e 12 21 1
e 12 38 1
e 12 38 1
e 12 27 0
t # 14
v 0 0
v 1 1
v 2 2
e 0 2 0
e 0 1 0
e 0 1 0
t # 15
v 0 0
v 1 1
e 1 0 0
t # 16
v 0 0
v 1 1
v 2 2
v 3 3
v 4 4
v 5 5
e 1 5 0
e 1 3 0
e 1 0 0
e 1 2 0
e 1 4 0
t # 17
v 0 0
v 1 1
v 2 2
v 3 3
v 4 4
v 5 5
v 6 6
v 7 7
v 8 8
v 9 9
v 10 10
v 11 11
v 12 12
v 13 13
v 14 14
v 15 15
v 16 16
v 17 17
v 18 18
v 19 19
v 20 20
v 21 21
v 22 22
v 23 23
v 24 24
v 25 25
v 26 26
v 27 27
v 28 28
v 29 29
v 30 30
v 31 31
v 32 32
v 33 33
v 34 34
v 35 35
v 36 36
v 37 37
v 38 38
v 39 39
v 40 40
v 41 41
v 42 42
v 43 43
v 44 44
v 45 45
v 46 46
v 47 47
v 48 48
v 49 49
v 50 50
v 51 51
v 52 52
v 53 53
v 54 54
v 55 55
v 56 56
v 57 57
v 58 58
v 59 59
v 60 60
v 61 61
v 62 62
v 63 63
v 64 64
v 65 65
v 66 66
v 67 67
v 68 68
v 69 69
v 70 70
e 56 50 2
e 56 46 2
e 56 0 1
e 56 0 1
e 56 41 0
e 56 67 0
e 56 33 2
e 56 43 2
e 56 35 2
e 56 27 2
e 56 13 2
e 56 52 2
e 56 36 2
e 56 68 2
e 56 68 2
e 56 68 2
e 56 19 2
e 56 19 2
e 56 19 2
e 56 19 2
e 56 12 2
e 56 30 2
e 56 30 2
e 56 37 2
e 56 32 2
e 56 21 2
e 56 28 2
e 56 10 2
e 56 10 2
e 56 10 2
e 56 10 2
e 56 10 2
e 56 70 2
e 56 45 2
e 56 31 2
e 56 61 2
e 56 61 2
e 56 62 2
e 56 20 2
e 56 20 2
e 56 20 2
e 56 20 2
e 56 20 2
e 56 43 2
e 56 68 2
e 56 68 2
e 56 68 2
e 56 19 2
e 56 19 2
e 56 16 2
e 56 16 2
e 56 12 2
e 56 12 2
e 56 12 2
e 56 12 2
e 56 23 2
e 56 57 2
e 56 42 2
e 56 14 2
e 56 61 2
e 56 61 2
e 56 6 2
e 56 6 2
e 56 11 2
e 56 64 2
e 56 64 2
e 56 4 2
e 56 4 2
e 56 4 2
e 56 24 2
e 56 24 2
e 56 10 2
e 56 15 2
e 56 51 2
e 56 58 2
e 56 7 2
e 56 1 2
e 56 40 2
e 56 54 2
e 56 26 2
e 56 17 2
e 56 66 2
e 56 34 2
e 56 5 2
e 56 55 2
e 56 47 2
e 56 49 2
e 56 59 2
e 56 53 2
e 56 38 2
e 56 8 2
e 56 2 2
e 56 48 2
e 56 44 2
e 56 9 2
e 56 25 2
e 56 69 2
e 56 18 2
e 56 3 2
e 56 22 2
e 56 39 2
e 56 63 2
e 56 65 2
e 56 29 2
e 56 60 2
t # 18
v 0 0
v 1 1
v 2 2
v 3 3
v 4 4
v 5 5
v 6 6
v 7 7
v 8 8
v 9 9
v 10 10
v 11 11
v 12 12
v 13 13
v 14 14
v 15 15
v 16 16
v 17 17
v 18 18
e 7 11 1
e 7 6 1
e 7 10 0
e 7 10 0
e 7 3 1
e 7 3 1
e 7 3 1
e 7 14 1
e 7 12 0
e 7 13 0
e 7 18 0
e 7 8 0
e 7 9 0
e 7 16 1
e 7 16 1
e 7 16 1
e 7 17 0
e 7 1 0
e 7 15 0
e 7 2 1
e 7 4 1
e 7 0 0
e 7 5 0
t # 19
v 0 0
v 1 1
v 2 2
v 3 3
v 4 4
v 5 5
v 6 6
v 7 7
v 8 8
v 9 9
v 10 10
v 11 11
v 12 12
v 13 13
v 14 14
v 15 15
v 16 16
e 16 1 2
e 16 8 0
e 16 15 1
e 16 13 1
e 16 12 2
e 16 2 2
e 16 9 2
e 16 11 2
e 16 14 2
e 16 3 2
e 16 0 2
e 16 0 2
e 16 4 2
e 16 7 2
e 16 5 2
e 16 12 0
e 16 10 1
e 16 6 1
t # 20
v 0 0
v 1 1
v 2 2
v 3 3
v 4 4
v 5 5
e 5 2 0
e 5 3 1
e 5 1 1
e 5 4 1
e 5 0 0
t # 21
v 0 0
v 1 1
v 2 2
e 1 2 0
e 1 0 0
t # 22
v 0 0
v 1 1
v 2 2
v 3 3
v 4 4
v 5 5
v 6 6
e 0 5 1
e 0 4 0
e 0 1 0
e 0 2 0
e 0 3 0
e 0 6 1
t # 23
v 0 0
v 1 1
v 2 2
v 3 3
v 4 4
v 5 5
v 6 6
v 7 7
v 8 8
v 9 9
v 10 10
v 11 11
v 12 12
v 13 13
v 14 14
v 15 15
v 16 16
v 17 17
v 18 18
v 19 19
v 20 20
v 21 21
v 22 22
v 23 23
v 24 24
v 25 25
e 19 24 0
e 19 0 2
e 19 9 0
e 19 5 1
e 19 11 1
e 19 16 1
e 19 3 0
e 19 14 1
e 19 2 1
e 19 10 1
e 19 5 1
e 19 10 1
e 19 15 1
e 19 7 1
e 19 8 1
e 19 12 2
e 19 12 2
e 19 17 2
e 19 22 2
e 19 25 2
e 19 6 2
e 19 21 2
e 19 23 2
e 19 1 0
e 19 4 1
e 19 4 1
e 19 18 1
e 19 20 0
e 19 14 0
e 19 15 0
e 19 13 1
e 19 8 1
t # 24
v 0 0
v 1 1
v 2 2
v 3 3
v 4 4
v 5 5
v 6 6
v 7 7
v 8 8
v 9 9
v 10 10
v 11 11
v 12 12
v 13 13
v 14 14
v 15 15
v 16 16
v 17 17
v 18 18
e 14 3 2
e 14 2 2
e 14 11 2
e 14 5 1
e 14 15 1
e 14 13 1
e 14 9 0
e 14 4 0
e 14 10 2
e 14 18 2
e 14 8 2
e 14 6 2
e 14 16 2
e 14 1 2
e 14 12 2
e 14 7 0
e 14 17 0
e 14 0 0
t # 25
v 0 0
v 1 1
v 2 2
v 3 3
v 4 4
v 5 5
v 6 6
v 7 7
v 8 8
e 6 8 0
e 6 0 0
e 6 3 0
e 6 2 0
e 6 4 0
e 6 7 0
e 6 1 0
e 6 5 0
t # 26
v 0 0
v 1 1
e 0 1 0
t # 27
v 0 0
v 1 1
v 2 2
e 2 0 0
e 2 1 0
t # 28
v 0 0
v 1 1
v 2 2
v 3 3
e 1 0 0
e 1 2 0
e 1 3 0
t # 29
v 0 0
v 1 1
v 2 2
v 3 3
e 3 2 0
e 3 1 1
e 3 0 1
t # 30
v 0 0
v 1 1
v 2 2
v 3 3
v 4 4
v 5 5
v 6 6
v 7 7
v 8 8
v 9 9
v 10 10
v 11 11
v 12 12
v 13 13
v 14 14
v 15 15
v 16 16
v 17 17
v 18 18
v 19 19
v 20 20
v 21 21
v 22 22
v 23 23
v 24 24
e 22 7 0
e 22 10 0
e 22 18 0
e 22 21 0
e 22 3 0
e 22 2 0
e 22 23 0
e 22 17 0
e 22 13 0
e 22 11 0
e 22 12 0
e 22 20 0
e 22 15 0
e 22 5 0
e 22 0 0
e 22 16 0
e 22 24 0
e 22 6 0
e 22 9 0
e 22 14 0
e 22 19 0
e 22 8 0
e 22 1 0
e 22 4 0
t # 31
v 0 0
v 1 1
v 2 2
e 1 0 0
e 1 2 0
t # 32
v 0 0
v 1 1
v 2 2
v 3 3
v 4 4
v 5 5
v 6 6
v 7 7
v 8 8
v 9 9
v 10 10
v 11 11
v 12 12
v 13 13
v 14 14
v 15 15
v 16 16
v 17 17
v 18 18
v 19 19
v 20 20
v 21 21
v 22 22
v 23 23
v 24 24
v 25 25
v 26 26
v 27 27
v 28 28
v 29 29
v 30 30
v 31 31
v 32 32
v 33 33
v 34 34
v 35 35
v 36 36
v 37 37
v 38 38
v 39 39
v 40 40
v 41 41
v 42 42
v 43 43
v 44 44
v 45 45
v 46 46
v 47 47
v 48 48
v 49 49
v 50 50
v 51 51
v 52 52
v 53 53
v 54 54
v 55 55
v 56 56
v 57 57
v 58 58
v 59 59
v 60 60
v 61 61
v 62 62
v 63 63
v 64 64
v 65 65
v 66 66
v 67 67
v 68 68
v 69 69
v 70 70
v 71 71
v 72 72
v 73 73
v 74 74
v 75 75
v 76 76
v 77 77
v 78 78
v 79 79
v 80 80
v 81 81
v 82 82
v 83 83
v 84 84
v 85 85
v 86 86
v 87 87
v 88 88
v 89 89
v 90 90
v 91 91
v 92 92
v 93 93
v 94 94
v 95 95
v 96 96
v 97 97
v 98 98
v 99 99
v 100 100
v 101 101
v 102 102
v 103 103
v 104 104
v 105 105
v 106 106
v 107 107
v 108 108
v 109 109
v 110 110
v 111 111
v 112 112
v 113 113
v 114 114
v 115 115
v 116 116
v 117 117
v 118 118
v 119 119
v 120 120
v 121 121
v 122 122
v 123 123
v 124 124
v 125 125
v 126 126
v 127 127
v 128 128
v 129 129
v 130 130
v 131 131
v 132 132
v 133 133
v 134 134
v 135 135
v 136 136
v 137 137
v 138 138
v 139 139
v 140 140
v 141 141
v 142 142
v 143 143
v 144 144
v 145 145
v 146 146
v 147 147
v 148 148
v 149 149
v 150 150
v 151 151
v 152 152
v 153 153
v 154 154
v 155 155
v 156 156
v 157 157
v 158 158
v 159 159
v 160 160
v 161 161
v 162 162
v 163 163
v 164 164
v 165 165
v 166 166
v 167 167
v 168 168
v 169 169
v 170 170
v 171 171
v 172 172
v 173 173
v 174 174
v 175 175
v 176 176
v 177 177
v 178 178
v 179 179
v 180 180
v 181 181
v 182 182
v 183 183
v 184 184
v 185 185
v 186 186
v 187 187
v 188 188
v 189 189
v 190 190
v 191 191
v 192 192
v 193 193
v 194 194
v 195 195
v 196 196
v 197 197
v 198 198
v 199 199
v 200 200
v 201 201
v 202 202
v 203 203
v 204 204
v 205 205
v 206 206
v 207 207
v 208 208
v 209 209
v 210 210
v 211 211
v 212 212
v 213 213
v 214 214
v 215 215
v 216 216
v 217 217
v 218 218
v 219 219
v 220 220
v 221 221
e 0 178 0
e 0 15 1
e 0 15 1
e 0 65 0
e 0 184 0
e 0 220 0
e 0 159 0
e 0 49 0
e 0 93 0
e 0 36 0
e 0 177 0
e 0 117 0
e 0 154 0
e 0 221 0
e 0 129 0
e 0 41 0
e 0 203 0
e 0 1 0
e 0 207 0
e 0 19 0
e 0 39 0
e 0 152 0
e 0 44 0
e 0 200 0
e 0 87 0
e 0 85 0
e 0 106 0
e 0 172 0
e 0 73 0
e 0 70 0
e 0 161 0
e 0 79 0
e 0 200 0
e 0 69 0
e 0 176 0
e 0 107 0
e 0 21 0
e 0 102 0
e 0 94 0
e 0 190 0
e 0 75 0
e 0 53 0
e 0 187 0
e 0 118 0
e 0 123 0
e 0 60 0
e 0 25 0
e 0 201 0
e 0 29 1
e 0 174 1
e 0 74 0
e 0 22 0
e 0 90 0
e 0 45 0
e 0 186 0
e 0 170 1
e 0 170 1
e 0 112 0
e 0 63 0
e 0 156 0
e 0 62 0
e 0 91 0
e 0 130 0
e 0 88 1
e 0 218 0
e 0 92 0
e 0 167 0
e 0 121 0
e 0 188 0
e 0 131 1
e 0 126 0
e 0 196 0
e 0 89 0
e 0 162 0
e 0 108 1
e 0 103 1
e 0 76 0
e 0 105 0
e 0 23 1
e 0 66 1
e 0 67 0
e 0 95 0
e 0 59 0
e 0 210 0
e 0 37 0
e 0 109 0
e 0 55 0
e 0 134 0
e 0 40 0
e 0 6 1
e 0 96 1
e 0 213 0
e 0 137 1
e 0 189 1
e 0 4 1
e 0 169 0
e 0 111 0
e 0 114 0
e 0 142 0
e 0 165 0
e 0 2 0
e 0 124 0
e 0 195 0
e 0 116 0
e 0 110 0
e 0 211 0
e 0 145 0
e 0 143 0
e 0 72 0
e 0 204 0
e 0 120 0
e 0 16 0
e 0 205 0
e 0 146 0
e 0 141 0
e 0 199 0
e 0 56 0
e 0 18 0
e 0 61 0
e 0 150 0
e 0 3 0
e 0 54 0
e 0 181 0
e 0 71 1
e 0 5 1
e 0 9 0
e 0 97 0
e 0 136 0
e 0 166 0
e 0 52 0
e 0 11 0
e 0 202 0
e 0 77 0
e 0 127 0
e 0 8 1
e 0 197 1
e 0 31 0
e 0 50 0
e 0 12 0
e 0 26 0
e 0 122 0
e 0 138 0
e 0 68 0
e 0 206 0
e 0 10 0
e 0 42 0
e 0 98 0
e 0 47 0
e 0 82 0
e 0 163 0
e 0 147 0
e 0 183 0
e 0 30 0
e 0 208 0
e 0 212 0
e 0 175 2
e 0 214 0
e 0 191 0
e 0 51 0
e 0 86 0
e 0 216 0
e 0 28 0
e 0 209 0
e 0 32 0
e 0 182 0
e 0 64 1
e 0 43 0
e 0 13 0
e 0 20 0
e 0 192 0
e 0 53 0
e 0 115 0
e 0 173 0
e 0 215 1
e 0 78 1
e 0 160 0
e 0 193 0
e 0 27 0
e 0 171 0
e 0 135 0
e 0 14 0
e 0 144 0
e 0 80 0
e 0 17 0
e 0 35 0
e 0 132 0
e 0 164 0
e 0 84 0
e 0 153 0
e 0 158 0
e 0 46 0
e 0 168 0
e 0 125 0
e 0 81 0
e 0 155 0
e 0 128 0
e 0 198 0
e 0 151 0
e 0 149 0
e 0 100 0
e 0 104 0
e 0 179 0
e 0 219 0
e 0 148 0
e 0 33 0
e 0 119 0
e 0 7 0
e 0 157 0
e 0 139 0
e 0 83 0
e 0 58 0
e 0 24 0
e 0 38 0
e 0 133 0
e 0 101 0
e 0 113 0
e 0 194 0
e 0 48 0
e 0 217 0
e 0 140 0
e 0 34 1
e 0 99 0
e 0 56 0
e 0 180 0
e 0 185 0
e 0 57 0
t # 33
v 0 0
v 1 1
v 2 2
v 3 3
v 4 4
v 5 5
v 6 6
v 7 7
v 8 8
v 9 9
v 10 10
v 11 11
v 12 12
v 13 13
v 14 14
v 15 15
v 16 16
e 14 10 1
e 14 4 0
e 14 3 0
e 14 8 0
e 14 11 1
e 14 1 1
e 14 12 0
e 14 9 0
e 14 0 0
e 14 9 0
e 14 16 0
e 14 5 0
e 14 13 0
e 14 15 0
e 14 2 1
e 14 2 1
e 14 2 1
e 14 2 1
e 14 6 0
e 14 7 0
t # 34
v 0 0
v 1 1
v 2 2
v 3 3
v 4 4
v 5 5
v 6 6
v 7 7
v 8 8
v 9 9
v 10 10
v 11 11
v 12 12
v 13 13
v 14 14
v 15 15
v 16 16
v 17 17
v 18 18
v 19 19
v 20 20
v 21 21
v 22 22
v 23 23
e 17 6 2
e 17 6 2
e 17 11 2
e 17 14 0
e 17 10 2
e 17 10 2
e 17 7 0
e 17 21 1
e 17 22 1
e 17 5 2
e 17 2 2
e 17 16 2
e 17 3 2
e 17 4 2
e 17 19 0
e 17 5 2
e 17 0 2
e 17 0 2
e 17 16 1
e 17 4 1
e 17 12 2
e 17 12 2
e 17 23 2
e 17 4 2
e 17 13 0
e 17 15 0
e 17 1 1
e 17 1 1
e 17 1 1
e 17 1 1
e 17 18 0
e 17 8 2
e 17 20 2
e 17 9 2
t # 35
v 0 0
v 1 1
v 2 2
v 3 3
v 4 4
v 5 5
v 6 6
v 7 7
v 8 8
v 9 9
v 10 10
v 11 11
e 11 7 0
e 11 9 0
e 11 1 0
e 11 4 0
e 11 3 0
e 11 8 0
e 11 2 0
e 11 10 0
e 11 0 0
e 11 6 0
e 11 5 0
t # 36
v 0 0
v 1 1
v 2 2
v 3 3
v 4 4
v 5 5
v 6 6
v 7 7
e 1 3 0
e 1 2 0
e 1 6 0
e 1 5 0
e 1 0 0
e 1 7 0
e 1 4 0
t # 37
v 0 0
v 1 1
v 2 2
v 3 3
v 4 4
v 5 5
v 6 6
v 7 7
v 8 8
e 7 5 0
e 7 1 0
e 7 6 0
e 7 3 0
e 7 0 0
e 7 8 0
e 7 2 0
e 7 4 0
t # 38
v 0 0
v 1 1
v 2 2
v 3 3
v 4 4
v 5 5
v 6 6
v 7 7
v 8 8
v 9 9
v 10 10
v 11 11
v 12 12
v 13 13
v 14 14
v 15 15
v 16 16
v 17 17
v 18 18
v 19 19
v 20 20
v 21 21
v 22 22
v 23 23
v 24 24
v 25 25
v 26 26
v 27 27
v 28 28
v 29 29
v 30 30
v 31 31
v 32 32
v 33 33
v 34 34
v 35 35
v 36 36
v 37 37
e 9 3 0
e 9 35 0
e 9 1 0
e 9 26 0
e 9 15 0
e 9 17 0
e 9 27 0
e 9 29 0
e 9 34 0
e 9 23 0
e 9 24 0
e 9 36 0
e 9 18 0
e 9 25 0
e 9 14 0
e 9 13 0
e 9 20 0
e 9 33 0
e 9 28 0
e 9 32 0
e 9 5 0
e 9 4 0
e 9 22 0
e 9 6 0
e 9 7 0
e 9 21 0
e 9 30 0
e 9 0 0
e 9 10 0
e 9 15 0
e 9 12 0
e 9 16 0
e 9 31 1
e 9 8 1
e 9 19 0
e 9 37 0
e 9 11 0
e 9 2 0
t # 39
v 0 0
v 1 1
v 2 2
v 3 3
v 4 4
v 5 5
v 6 6
v 7 7
v 8 8
v 9 9
v 10 10
v 11 11
v 12 12
v 13 13
v 14 14
v 15 15
v 16 16
v 17 17
v 18 18
v 19 19
v 20 20
v 21 21
v 22 22
v 23 23
v 24 24
v 25 25
v 26 26
v 27 27
v 28 28
v 29 29
v 30 30
v 31 31
v 32 32
v 33 33
v 34 34
v 35 35
v 36 36
v 37 37
v 38 38
v 39 39
v 40 40
v 41 41
v 42 42
v 43 43
v 44 44
v 45 45
v 46 46
v 47 47
v 48 48
v 49 49
v 50 50
v 51 51
v 52 52
v 53 53
v 54 54
v 55 55
v 56 56
v 57 57
v 58 58
v 59 59
v 60 60
v 61 61
v 62 62
v 63 63
v 64 64
v 65 65
v 66 66
v 67 67
v 68 68
v 69 69
v 70 70
v 71 71
v 72 72
v 73 73
v 74 74
v 75 75
v 76 76
v 77 77
v 78 78
v 79 79
v 80 80
v 81 81
v 82 82
v 83 83
v 84 84
v 85 85
v 86 86
v 87 87
v 88 88
v 89 89
v 90 90
v 91 91
e 21 63 2
e 21 61 0
e 21 67 0
e 21 19 0
e 21 29 0
e 21 14 0
e 21 85 0
e 21 16 0
e 21 37 0
e 21 42 0
e 21 58 0
e 21 39 0
e 21 66 0
e 21 80 0
e 21 17 0
e 21 30 0
e 21 55 0
e 21 82 0
e 21 87 0
e 21 62 0
e 21 74 0
e 21 33 0
e 21 1 0
e 21 76 0
e 21 71 0
e 21 31 0
e 21 90 0
e 21 65 0
e 21 49 0
e 21 26 0
e 21 48 0
e 21 47 0
e 21 51 0
e 21 60 0
e 21 44 2
e 21 53 2
e 21 32 2
e 21 15 2
e 21 38 2
e 21 41 2
e 21 81 2
e 21 40 2
e 21 24 2
e 21 0 2
e 21 10 2
e 21 59 2
e 21 2 2
e 21 52 2
e 21 91 2
e 21 7 2
e 21 8 2
e 21 78 0
e 21 28 0
e 21 75 0
e 21 12 2
e 21 84 2
e 21 70 2
e 21 68 2
e 21 57 2
e 21 3 2
e 21 73 2
e 21 46 2
e 21 35 2
e 21 34 2
e 21 69 2
e 21 11 0
e 21 23 0
e 21 77 0
e 21 86 0
e 21 6 0
e 21 88 0
e 21 36 0
e 21 20 0
e 21 25 0
e 21 45 2
e 21 79 2
e 21 64 2
e 21 54 2
e 21 13 2
e 21 18 2
e 21 89 0
e 21 56 0
e 21 5 0
e 21 22 1
e 21 9 1
e 21 27 1
e 21 4 1
e 21 72 0
e 21 83 0
e 21 43 0
e 21 50 0
t # 40
v 0 0
v 1 1
v 2 2
v 3 3
v 4 4
v 5 5
v 6 6
v 7 7
v 8 8
v 9 9
v 10 10
v 11 11
v 12 12
v 13 13
v 14 14
v 15 15
v 16 16
v 17 17
v 18 18
v 19 19
v 20 20
v 21 21
v 22 22
v 23 23
v 24 24
v 25 25
v 26 26
v 27 27
v 28 28
v 29 29
v 30 30
v 31 31
v 32 32
v 33 33
v 34 34
v 35 35
v 36 36
v 37 37
v 38 38
v 39 39
v 40 40
v 41 41
v 42 42
v 43 43
v 44 44
v 45 45
v 46 46
v 47 47
v 48 48
v 49 49
v 50 50
v 51 51
v 52 52
v 53 53
v 54 54
v 55 55
v 56 56
v 57 57
v 58 58
v 59 59
v 60 60
v 61 61
v 62 62
v 63 63
v 64 64
v 65 65
v 66 66
v 67 67
v 68 68
v 69 69
v 70 70
v 71 71
v 72 72
e 48 62 0
e 48 53 0
e 48 42 0
e 48 1 0
e 48 29 0
e 48 61 0
e 48 44 0
e 48 21 0
e 48 30 0
e 48 20 0
e 48 47 0
e 48 41 0
e 48 43 0
e 48 38 0
e 48 66 0
e 48 65 0
e 48 50 0
e 48 11 0
e 48 40 0
e 48 3 0
e 48 39 0
e 48 7 0
e 48 22 0
e 48 57 0
e 48 16 0
e 48 49 0
e 48 33 0
e 48 58 0
e 48 26 0
e 48 69 0
e 48 67 0
e 48 9 0
e 48 0 0
e 48 4 0
e 48 27 0
e 48 72 0
e 48 6 0
e 48 18 0
e 48 54 0
e 48 63 0
e 48 25 0
e 48 68 0
e 48 36 0
e 48 2 0
e 48 45 0
e 48 23 0
e 48 17 0
e 48 35 0
e 48 59 0
e 48 64 0
e 48 10 0
e 48 15 0
e 48 60 0
e 48 8 0
e 48 31 0
e 48 12 0
e 48 28 0
e 48 51 0
e 48 52 0
e 48 19 0
e 48 56 0
e 48 55 0
e 48 32 0
e 48 71 0
e 48 24 0
e 48 70 0
e 48 5 0
e 48 46 0
e 48 13 0
e 48 34 0
e 48 14 0
e 48 37 0
t # 41
v 0 0
v 1 1
v 2 2
v 3 3
v 4 4
v 5 5
v 6 6
v 7 7
v 8 8
v 9 9
v 10 10
v 11 11
v 12 12
v 13 13
v 14 14
v 15 15
v 16 16
v 17 17
v 18 18
v 19 19
v 20 20
v 21 21
v 22 22
v 23 23
v 24 24
v 25 25
v 26 26
v 27 27
v 28 28
v 29 29
v 30 30
v 31 31
v 32 32
v 33 33
v 34 34
v 35 35
v 36 36
v 37 37
v 38 38
v 39 39
v 40 40
v 41 41
v 42 42
v 43 43
v 44 44
v 45 45
v 46 46
v 47 47
v 48 48
v 49 49
v 50 50
v 51 51
v 52 52
v 53 53
v 54 54
v 55 55
v 56 56
v 57 57
v 58 58
v 59 59
v 60 60
v 61 61
v 62 62
v 63 63
v 64 64
v 65 65
v 66 66
v 67 67
v 68 68
v 69 69
v 70 70
v 71 71
v 72 72
v 73 73
v 74 74
v 75 75
v 76 76
v 77 77
v 78 78
v 79 79
v 80 80
v 81 81
v 82 82
v 83 83
e 55 7 0
e 55 46 0
e 55 71 0
e 55 67 0
e 55 66 0
e 55 51 0
e 55 38 0
e 55 42 1
e 55 76 1
e 55 16 1
e 55 49 0
e 55 26 0
e 55 2 0
e 55 0 1
e 55 65 1
e 55 30 1
e 55 47 1
e 55 50 0
e 55 54 0
e 55 36 0
e 55 35 0
e 55 69 0
e 55 58 0
e 55 10 0
e 55 43 1
e 55 43 1
e 55 62 0
e 55 81 1
e 55 34 1
e 55 3 1
e 55 57 0
e 55 74 1
e 55 20 1
e 55 23 1
e 55 24 1
e 55 64 0
e 55 45 0
e 55 79 1
e 55 68 1
e 55 17 1
e 55 77 0
e 55 32 1
e 55 11 1
e 55 28 0
e 55 37 0
e 55 61 0
e 55 4 0
e 55 8 0
e 55 5 0
e 55 48 2
e 55 40 0
e 55 63 0
e 55 60 0
e 55 21 0
e 55 83 0
e 55 56 0
e 55 52 0
e 55 25 1
e 55 19 1
e 55 9 1
e 55 70 0
e 55 15 0
e 55 29 0
e 55 6 0
e 55 31 1
e 55 1 1
e 55 18 1
e 55 41 1
e 55 41 1
e 55 82 1
e 55 12 1
e 55 44 1
e 55 72 0
e 55 22 0
e 55 53 0
e 55 39 0
e 55 80 0
e 55 33 0
e 55 73 0
e 55 13 0
e 55 14 0
e 55 59 0
e 55 78 1
e 55 27 1
e 55 75 1
t # 42
v 0 0
v 1 1
v 2 2
v 3 3
v 4 4
e 4 0 0
e 4 3 0
e 4 1 0
e 4 2 0
t # 43
v 0 0
v 1 1
v 2 2
v 3 3
v 4 4
v 5 5
v 6 6
v 7 7
v 8 8
v 9 9
v 10 10
v 11 11
v 12 12
v 13 13
v 14 14
v 15 15
v 16 16
v 17 17
v 18 18
v 19 19
v 20 20
v 21 21
v 22 22
v 23 23
v 24 24
v 25 25
v 26 26
v 27 27
v 28 28
v 29 29
v 30 30
v 31 31
v 32 32
v 33 33
v 34 34
v 35 35
v 36 36
v 37 37
v 38 38
v 39 39
v 40 40
v 41 41
v 42 42
v 43 43
v 44 44
v 45 45
v 46 46
v 47 47
v 48 48
v 49 49
v 50 50
v 51 51
v 52 52
v 53 53
v 54 54
v 55 55
v 56 56
v 57 57
v 58 58
v 59 59
v 60 60
v 61 61
v 62 62
v 63 63
v 64 64
v 65 65
v 66 66
v 67 67
v 68 68
v 69 69
v 70 70
v 71 71
v 72 72
v 73 73
v 74 74
v 75 75
v 76 76
v 77 77
v 78 78
v 79 79
v 80 80
v 81 81
v 82 82
v 83 83
v 84 84
v 85 85
v 86 86
v 87 87
v 88 88
v 89 89
v 90 90
v 91 91
v 92 92
v 93 93
v 94 94
v 95 95
v 96 96
v 97 97
v 98 98
v 99 99
v 100 100
v 101 101
v 102 102
v 103 103
v 104 104
v 105 105
v 106 106
v 107 107
v 108 108
v 109 109
v 110 110
v 111 111
v 112 112
v 113 113
v 114 114
v 115 115
v 116 116
v 117 117
v 118 118
v 119 119
v 120 120
v 121 121
v 122 122
v 123 123
v 124 124
v 125 125
v 126 126
v 127 127
v 128 128
v 129 129
v 130 130
v 131 131
v 132 132
v 133 133
v 134 134
v 135 135
v 136 136
v 137 137
v 138 138
v 139 139
v 140 140
v 141 141
v 142 142
v 143 143
v 144 144
v 145 145
v 146 146
v 147 147
v 148 148
v 149 149
v 150 150
v 151 151
v 152 152
v 153 153
v 154 154
v 155 155
v 156 156
v 157 157
v 158 158
v 159 159
v 160 160
v 161 161
v 162 162
v 163 163
v 164 164
v 165 165
v 166 166
v 167 167
v 168 168
v 169 169
v 170 170
v 171 171
v 172 172
v 173 173
v 174 174
v 175 175
v 176 176
v 177 177
v 178 178
v 179 179
v 180 180
v 181 181
v 182 182
v 183 183
v 184 184
v 185 185
v 186 186
v 187 187
v 188 188
v 189 189
v 190 190
v 191 191
v 192 192
v 193 193
v 194 194
v 195 195
v 196 196
v 197 197
v 198 198
v 199 199
v 200 200
v 201 201
v 202 202
v 203 203
v 204 204
v 205 205
v 206 206
v 207 207
v 208 208
v 209 209
v 210 210
v 211 211
v 212 212
v 213 213
v 214 214
v 215 215
v 216 216
v 217 217
v 218 218
v 219 219
v 220 220
v 221 221
v 222 222
v 223 223
v 224 224
v 225 225
v 226 226
v 227 227
v 228 228
v 229 229
v 230 230
v 231 231
v 232 232
v 233 233
v 234 234
v 235 235
v 236 236
v 237 237
v 238 238
v 239 239
v 240 240
v 241 241
v 242 242
v 243 243
v 244 244
v 245 245
v 246 246
v 247 247
v 248 248
v 249 249
v 250 250
v 251 251
v 252 252
v 253 253
v 254 254
v 255 255
v 256 256
v 257 257
v 258 258
v 259 259
v 260 260
v 261 261
v 262 262
v 263 263
v 264 264
v 265 265
v 266 266
v 267 267
v 268 268
v 269 269
v 270 270
v 271 271
v 272 272
v 273 273
v 274 274
v 275 275
v 276 276
v 277 277
v 278 278
v 279 279
v 280 280
v 281 281
v 282 282
v 283 283
v 284 284
v 285 285
v 286 286
v 287 287
v 288 288
v 289 289
v 290 290
v 291 291
v 292 292
v 293 293
v 294 294
v 295 295
v 296 296
v 297 297
v 298 298
v 299 299
v 300 300
v 301 301
v 302 302
v 303 303
v 304 304
v 305 305
v 306 306
v 307 307
v 308 308
v 309 309
v 310 310
v 311 311
v 312 312
v 313 313
v 314 314
v 315 315
v 316 316
v 317 317
v 318 318
v 319 319
v 320 320
v 321 321
v 322 322
v 323 323
v 324 324
v 325 325
v 326 326
v 327 327
v 328 328
v 329 329
v 330 330
v 331 331
v 332 332
v 333 333
v 334 334
v 335 335
v 336 336
e 124 140 0
e 124 110 0
e 124 77 0
e 124 78 0
e 124 268 1
e 124 75 1
e 124 5 1
e 124 220 1
e 124 125 1
e 124 266 1
e 124 266 1
e 124 19 0
e 124 157 0
e 124 253 1
e 124 56 1
e 124 321 0
e 124 225 1
e 124 336 1
e 124 197 1
e 124 100 0
e 124 119 0
e 124 219 0
e 124 40 0
e 124 299 0
e 124 285 0
e 124 67 0
e 124 228 0
e 124 186 0
e 124 286 0
e 124 149 0
e 124 309 0
e 124 174 1
e 124 174 1
e 124 21 0
e 124 246 0
e 124 279 0
e 124 112 0
e 124 19 0
e 124 309 0
e 124 110 1
e 124 273 1
e 124 256 0
e 124 159 0
e 124 72 0
e 124 313 1
e 124 313 1
e 124 118 0
e 124 108 1
e 124 175 0
e 124 257 0
e 124 155 1
e 124 155 1
e 124 294 0
e 124 22 0
e 124 170 1
e 124 170 1
e 124 237 1
e 124 277 1
e 124 294 1
e 124 30 1
e 124 279 0
e 124 299 0
e 124 223 0
e 124 165 0
e 124 62 0
e 124 92 0
e 124 332 0
e 124 198 0
e 124 303 0
e 124 147 0
e 124 329 0
e 124 108 0
e 124 193 0
e 124 111 0
e 124 26 0
e 124 77 0
e 124 201 0
e 124 255 0
e 124 315 0
e 124 11 1
e 124 302 1
e 124 185 0
e 124 144 0
e 124 204 0
e 124 329 0
e 124 222 0
e 124 63 0
e 124 168 0
e 124 28 0
e 124 71 0
e 124 108 0
e 124 191 0
e 124 185 0
e 124 15 0
e 124 313 0
e 124 114 0
e 124 96 0
e 124 68 0
e 124 303 0
e 124 259 0
e 124 152 1
e 124 284 1
e 124 303 1
e 124 250 1
e 124 141 0
e 124 41 0
e 124 143 0
e 124 205 0
e 124 176 0
e 124 65 0
e 124 78 0
e 124 58 1
e 124 276 1
e 124 264 0
e 124 4 0
e 124 2 0
e 124 87 0
e 124 100 0
e 124 313 0
e 124 171 1
e 124 214 1
e 124 293 0
e 124 37 0
e 124 244 0
e 124 219 0
e 124 298 0
e 124 89 0
e 124 184 0
e 124 113 0
e 124 8 0
e 124 185 0
e 124 108 0
e 124 180 0
e 124 90 0
e 124 13 0
e 124 198 0
e 124 70 0
e 124 272 0
e 124 253 0
e 124 116 0
e 124 297 1
e 124 33 1
e 124 213 0
e 124 27 0
e 124 85 0
e 124 237 0
e 124 336 0
e 124 238 0
e 124 61 0
e 124 322 0
e 124 42 0
e 124 129 0
e 124 82 0
e 124 227 0
e 124 129 0
e 124 103 0
e 124 231 0
e 124 290 0
e 124 46 0
e 124 151 0
e 124 20 0
e 124 202 0
e 124 138 0
e 124 35 0
e 124 189 0
e 124 98 0
e 124 50 0
e 124 197 0
e 124 39 0
e 124 209 0
e 124 210 1
e 124 210 1
e 124 210 1
e 124 18 1
e 124 79 0
e 124 36 0
e 124 145 0
e 124 138 1
e 124 199 1
e 124 247 1
e 124 288 1
e 124 271 1
e 124 293 0
e 124 57 0
e 124 97 0
e 124 108 1
e 124 108 1
e 124 316 0
e 124 281 0
e 124 301 0
e 124 111 0
e 124 282 0
e 124 274 0
e 124 308 0
e 124 16 1
e 124 221 1
e 124 221 1
e 124 261 0
e 124 309 0
e 124 326 0
e 124 135 0
e 124 190 0
e 124 162 0
e 124 230 0
e 124 108 0
e 124 269 0
e 124 108 0
e 124 169 0
e 124 283 0
e 124 93 0
e 124 254 0
e 124 55 1
e 124 0 0
e 124 207 0
e 124 309 0
e 124 120 0
e 124 108 0
e 124 170 0
e 124 170 0
e 124 25 0
e 124 136 0
e 124 308 0
e 124 300 0
e 124 230 0
e 124 16 0
e 124 94 0
e 124 48 1
e 124 48 1
e 124 23 1
e 124 265 0
e 124 146 0
e 124 238 0
e 124 86 1
e 124 95 1
e 124 17 0
e 124 32 0
e 124 43 0
e 124 84 0
e 124 145 0
e 124 121 0
e 124 109 0
e 124 24 0
e 124 44 0
e 124 182 0
e 124 42 0
e 124 226 0
e 124 179 0
e 124 111 0
e 124 137 0
e 124 184 0
e 124 177 0
e 124 138 0
e 124 316 0
e 124 311 0
e 124 330 0
e 124 59 0
e 124 275 0
e 124 107 1
e 124 224 0
e 124 9 0
e 124 202 0
e 124 164 0
e 124 229 0
e 124 194 0
e 124 206 0
e 124 258 0
e 124 239 0
e 124 14 0
e 124 333 0
e 124 316 0
e 124 203 0
e 124 308 1
e 124 248 0
e 124 156 0
e 124 99 0
e 124 278 0
e 124 38 0
e 124 308 0
e 124 36 0
e 124 111 0
e 124 1 0
e 124 88 0
e 124 154 0
e 124 69 0
e 124 323 0
e 124 240 1
e 124 215 1
e 124 122 0
e 124 188 0
e 124 98 0
e 124 190 0
e 124 6 0
e 124 12 0
e 124 327 0
e 124 331 0
e 124 217 0
e 124 142 0
e 124 230 0
e 124 324 0
e 124 74 0
e 124 218 0
e 124 329 0
e 124 211 0
e 124 64 0
e 124 150 0
e 124 82 0
e 124 308 0
e 124 101 0
e 124 131 0
e 124 333 0
e 124 304 0
e 124 233 0
e 124 318 0
e 124 196 0
e 124 288 0
e 124 289 0
e 124 104 0
e 124 49 0
e 124 334 0
e 124 80 0
e 124 77 0
e 124 139 0
e 124 308 0
e 124 328 0
e 124 148 0
e 124 204 0
e 124 128 0
e 124 248 0
e 124 306 0
e 124 114 0
e 124 76 0
e 124 316 0
e 124 123 0
e 124 296 0
e 124 319 0
e 124 69 0
e 124 42 0
e 124 166 0
e 124 310 0
e 124 106 0
e 124 270 0
e 124 82 0
e 124 190 0
e 124 105 0
e 124 172 0
e 124 134 0
e 124 126 0
e 124 161 0
e 124 209 0
e 124 245 0
e 124 325 0
e 124 192 0
e 124 160 0
e 124 312 0
e 124 195 0
e 124 66 0
e 124 51 0
e 124 249 0
e 124 45 1
e 124 31 1
e 124 212 0
e 124 7 0
e 124 158 0
e 124 216 0
e 124 317 0
e 124 34 0
e 124 235 0
e 124 29 0
e 124 314 0
e 124 242 0
e 124 200 0
e 124 163 0
e 124 127 0
e 124 251 0
e 124 133 0
e 124 60 0
e 124 287 0
e 124 91 0
e 124 236 0
e 124 132 0
e 124 117 0
e 124 73 0
e 124 81 0
e 124 307 0
e 124 252 0
e 124 102 0
e 124 3 1
e 124 232 1
e 124 243 0
e 124 83 0
e 124 183 0
e 124 280 0
e 124 241 0
e 124 234 0
e 124 292 1
e 124 267 1
e 124 305 0
e 124 10 0
e 124 173 0
e 124 262 0
e 124 320 0
e 124 167 0
e 124 291 0
e 124 181 0
e 124 295 1
e 124 187 1
e 124 208 0
e 124 178 0
e 124 335 0
e 124 52 0
e 124 260 0
e 124 54 0
e 124 47 0
e 124 53 0
e 124 263 1
e 124 115 1
e 124 153 0
e 124 130 0
t # 44
v 0 0
v 1 1
v 2 2
v 3 3
v 4 4
v 5 5
v 6 6
v 7 7
v 8 8
v 9 9
v 10 10
v 11 11
v 12 12
v 13 13
e 6 11 0
e 6 5 0
e 6 1 0
e 6 13 0
e 6 0 0
e 6 12 0
e 6 10 0
e 6 4 0
e 6 3 0
e 6 2 2
e 6 9 2
e 6 8 2
e 6 7 0
t # 45
v 0 0
v 1 1
v 2 2
e 2 0 1
e 2 1 1
t # 46
v 0 0
v 1 1
v 2 2
v 3 3
e 1 0 0
e 1 3 0
e 1 2 0
t # 47
v 0 0
v 1 1
v 2 2
v 3 3
v 4 4
v 5 5
v 6 6
v 7 7
v 8 8
v 9 9
v 10 10
v 11 11
v 12 12
v 13 13
v 14 14
v 15 15
v 16 16
v 17 17
v 18 18
e 18 1 0
e 18 2 0
e 18 14 0
e 18 9 0
e 18 5 0
e 18 16 0
e 18 8 0
e 18 7 0
e 18 10 0
e 18 1 0
e 18 4 0
e 18 3 0
e 18 17 0
e 18 0 0
e 18 12 0
e 18 13 0
e 18 11 0
e 18 15 0
e 18 6 0
t # 48
v 0 0
v 1 1
v 2 2
v 3 3
v 4 4
v 5 5
v 6 6
v 7 7
v 8 8
v 9 9
v 10 10
v 11 11
v 12 12
v 13 13
v 14 14
v 15 15
v 16 16
v 17 17
v 18 18
v 19 19
v 20 20
v 21 21
v 22 22
v 23 23
v 24 24
v 25 25
v 26 26
v 27 27
v 28 28
v 29 29
v 30 30
v 31 31
v 32 32
v 33 33
v 34 34
v 35 35
v 36 36
v 37 37
v 38 38
v 39 39
v 40 40
v 41 41
v 42 42
v 43 43
v 44 44
v 45 45
v 46 46
v 47 47
v 48 48
v 49 49
v 50 50
v 51 51
v 52 52
v 53 53
v 54 54
v 55 55
v 56 56
v 57 57
v 58 58
v 59 59
e 9 50 0
e 9 32 0
e 9 56 0
e 9 18 0
e 9 26 0
e 9 51 0
e 9 39 0
e 9 59 1
e 9 45 1
e 9 16 1
e 9 13 1
e 9 22 1
e 9 10 1
e 9 38 0
e 9 46 0
e 9 24 1
e 9 43 1
e 9 55 0
e 9 17 0
e 9 6 1
e 9 11 1
e 9 28 1
e 9 52 1
e 9 44 0
e 9 23 1
e 9 0 1
e 9 15 0
e 9 1 2
e 9 5 2
e 9 19 2
e 9 7 2
e 9 7 2
e 9 20 2
e 9 42 0
e 9 21 2
e 9 49 2
e 9 29 2
e 9 41 0
e 9 14 0
e 9 58 1
e 9 25 1
e 9 12 1
e 9 47 1
e 9 48 1
e 9 2 1
e 9 53 0
e 9 40 0
e 9 49 2
e 9 57 2
e 9 29 2
e 9 8 0
e 9 7 1
e 9 54 1
e 9 57 1
e 9 35 1
e 9 37 0
e 9 20 1
e 9 20 1
e 9 3 1
e 9 31 1
e 9 34 1
e 9 30 1
e 9 36 0
e 9 4 1
e 9 27 1
e 9 35 1
e 9 33 1
e 9 33 1
t # 49
v 0 0
v 1 1
v 2 2
e 2 1 0
e 2 0 0
t # 50
v 0 0
v 1 1
e 1 0 0
t # 51
v 0 0
v 1 1
v 2 2
v 3 3
v 4 4
v 5 5
v 6 6
v 7 7
v 8 8
v 9 9
v 10 10
v 11 11
v 12 12
v 13 13
v 14 14
v 15 15
v 16 16
v 17 17
v 18 18
v 19 19
v 20 20
v 21 21
v 22 22
v 23 23
v 24 24
v 25 25
v 26 26
e 23 24 0
e 23 20 0
e 23 8 0
e 23 2 0
e 23 11 0
e 23 4 0
e 23 17 0
e 23 19 0
e 23 18 0
e 23 1 0
e 23 10 0
e 23 14 0
e 23 9 0
e 23 22 0
e 23 21 0
e 23 9 0
e 23 12 0
e 23 13 1
e 23 13 1
e 23 5 0
e 23 3 0
e 23 1 0
e 23 15 0
e 23 20 0
e 23 7 0
e 23 6 0
e 23 16 0
e 23 0 0
e 23 26 0
e 23 25 0
t # 52
v 0 0
v 1 1
v 2 2
v 3 3
v 4 4
v 5 5
v 6 6
e 0 6 0
e 0 3 0
e 0 4 0
e 0 1 0
e 0 2 0
e 0 5 0
t # 53
v 0 0
v 1 1
v 2 2
v 3 3
v 4 4
v 5 5
v 6 6
v 7 7
v 8 8
v 9 9
v 10 10
v 11 11
v 12 12
v 13 13
v 14 14
v 15 15
v 16 16
v 17 17
v 18 18
v 19 19
v 20 20
v 21 21
v 22 22
v 23 23
v 24 24
v 25 25
v 26 26
v 27 27
v 28 28
v 29 29
v 30 30
v 31 31
v 32 32
v 33 33
v 34 34
v 35 35
v 36 36
v 37 37
v 38 38
v 39 39
v 40 40
v 41 41
v 42 42
v 43 43
v 44 44
v 45 45
v 46 46
v 47 47
v 48 48
v 49 49
v 50 50
v 51 51
v 52 52
v 53 53
v 54 54
v 55 55
v 56 56
v 57 57
v 58 58
v 59 59
v 60 60
v 61 61
v 62 62
v 63 63
v 64 64
v 65 65
v 66 66
v 67 67
v 68 68
v 69 69
v 70 70
v 71 71
v 72 72
v 73 73
v 74 74
v 75 75
v 76 76
v 77 77
v 78 78
e 9 36 2
e 9 45 2
e 9 17 2
e 9 67 2
e 9 67 2
e 9 67 2
e 9 67 2
e 9 7 0
e 9 12 0
e 9 50 0
e 9 53 0
e 9 15 0
e 9 41 0
e 9 16 0
e 9 0 0
e 9 14 0
e 9 34 0
e 9 21 1
e 9 21 1
e 9 77 1
e 9 77 1
e 9 40 1
e 9 40 1
e 9 2 0
e 9 63 0
e 9 54 0
e 9 65 0
e 9 23 0
e 9 70 0
e 9 8 0
e 9 75 1
e 9 75 1
e 9 52 0
e 9 31 0
e 9 10 1
e 9 10 1
e 9 10 1
e 9 74 1
e 9 74 1
e 9 74 1
e 9 54 0
e 9 61 0
e 9 37 0
e 9 57 0
e 9 64 0
e 9 13 0
e 9 78 0
e 9 58 0
e 9 48 0
e 9 72 0
e 9 38 1
e 9 38 1
e 9 38 1
e 9 46 0
e 9 60 0
e 9 49 0
e 9 11 0
e 9 32 0
e 9 20 0
e 9 44 0
e 9 27 0
e 9 62 0
e 9 51 0
e 9 47 0
e 9 1 0
e 9 69 0
e 9 3 0
e 9 22 0
e 9 55 0
e 9 76 0
e 9 39 0
e 9 33 0
e 9 73 0
e 9 29 0
e 9 66 0
e 9 6 0
e 9 25 0
e 9 28 0
e 9 42 0
e 9 5 0
e 9 19 0
e 9 18 0
e 9 30 0
e 9 59 0
e 9 35 0
e 9 43 0
e 9 24 0
e 9 71 0
e 9 4 0
e 9 56 0
e 9 68 0
e 9 26 0
t # 54
v 0 0
v 1 1
v 2 2
v 3 3
v 4 4
v 5 5
v 6 6
v 7 7
v 8 8
v 9 9
v 10 10
v 11 11
v 12 12
e 12 6 0
e 12 9 0
e 12 0 0
e 12 11 0
e 12 8 0
e 12 1 0
e 12 2 0
e 12 5 0
e 12 7 0
e 12 4 0
e 12 3 0
e 12 10 0
t # 55
v 0 0
v 1 1
e 1 0 0
t # 56
v 0 0
v 1 1
v 2 2
v 3 3
e 3 2 0
e 3 1 0
e 3 0 0
t # 57
v 0 0
v 1 1
v 2 2
v 3 3
e 3 2 0
e 3 0 0
e 3 1 0
t # 58
v 0 0
v 1 1
v 2 2
v 3 3
v 4 4
v 5 5
v 6 6
e 5 3 0
e 5 0 0
e 5 6 0
e 5 2 0
e 5 4 0
e 5 1 0
t # 59
v 0 0
v 1 1
v 2 2
v 3 3
e 1 3 1
e 1 2 1
e 1 0 1
t # 60
v 0 0
v 1 1
v 2 2
v 3 3
v 4 4
v 5 5
e 3 4 0
e 3 0 1
e 3 5 1
e 3 1 1
e 3 2 1
t # 61
v 0 0
v 1 1
v 2 2
e 2 1 0
e 2 0 0
t # 62
v 0 0
v 1 1
v 2 2
v 3 3
v 4 4
v 5 5
v 6 6
v 7 7
e 4 3 0
e 4 0 0
e 4 7 0
e 4 2 2
e 4 2 2
e 4 2 2
e 4 2 2
e 4 2 2
e 4 6 2
e 4 5 2
e 4 1 2
t # 63
v 0 0
v 1 1
e 1 0 0
t # 64
v 0 0
v 1 1
e 0 1 0
t # 65
v 0 0
v 1 1
v 2 2
v 3 3
v 4 4
v 5 5
v 6 6
e 6 0 0
e 6 5 0
e 6 3 0
e 6 1 0
e 6 4 1
e 6 2 1
e 6 2 1
t # 66
v 0 0
v 1 1
v 2 2
v 3 3
v 4 4
v 5 5
v 6 6
v 7 7
v 8 8
v 9 9
v 10 10
v 11 11
v 12 12
v 13 13
v 14 14
v 15 15
e 12 1 0
e 12 7 0
e 12 13 0
e 12 2 0
e 12 11 0
e 12 4 0
e 12 5 0
e 12 3 0
e 12 10 0
e 12 4 0
e 12 14 0
e 12 8 0
e 12 9 0
e 12 10 0
e 12 4 0
e 12 6 0
e 12 15 0
e 12 0 0
t # 67
v 0 0
v 1 1
v 2 2
v 3 3
e 0 2 0
e 0 3 0
e 0 1 0
t # 68
v 0 0
v 1 1
v 2 2
v 3 3
v 4 4
v 5 5
v 6 6
v 7 7
v 8 8
v 9 9
v 10 10
v 11 11
v 12 12
v 13 13
v 14 14
v 15 15
v 16 16
v 17 17
v 18 18
v 19 19
v 20 20
v 21 21
v 22 22
e 3 16 0
e 3 4 0
e 3 10 0
e 3 1 0
e 3 8 0
e 3 11 0
e 3 13 1
e 3 13 1
e 3 6 0
e 3 21 0
e 3 5 0
e 3 0 0
e 3 9 0
e 3 7 0
e 3 12 0
e 3 22 0
e 3 18 1
e 3 18 1
e 3 17 0
e 3 20 0
e 3 14 0
e 3 15 1
e 3 15 1
e 3 2 0
e 3 19 0
t # 69
v 0 0
v 1 1
v 2 2
v 3 3
v 4 4
e 4 1 1
e 4 1 1
e 4 0 1
e 4 3 0
e 4 2 0
t # 70
v 0 0
v 1 1
v 2 2
v 3 3
v 4 4
v 5 5
v 6 6
v 7 7
e 4 5 1
e 4 5 1
e 4 1 0
e 4 7 0
e 4 2 0
e 4 6 0
e 4 0 0
e 4 3 0
t # 71
v 0 0
v 1 1
v 2 2
v 3 3
v 4 4
v 5 5
e 0 4 0
e 0 2 0
e 0 3 0
e 0 1 0
e 0 5 0
t # 72
v 0 0
v 1 1
v 2 2
e 0 2 1
e 0 2 1
e 0 1 1
t # 73
v 0 0
v 1 1
e 0 1 0
t # 74
v 0 0
v 1 1
e 1 0 0
t # 75
v 0 0
v 1 1
v 2 2
v 3 3
v 4 4
v 5 5
v 6 6
v 7 7
v 8 8
v 9 9
v 10 10
v 11 11
v 12 12
v 13 13
v 14 14
v 15 15
v 16 16
v 17 17
v 18 18
v 19 19
v 20 20
v 21 21
v 22 22
v 23 23
v 24 24
e 5 18 0
e 5 4 2
e 5 2 2
e 5 7 2
e 5 22 2
e 5 17 0
e 5 9 1
e 5 0 1
e 5 20 2
e 5 11 2
e 5 15 2
e 5 10 2
e 5 12 2
e 5 3 2
e 5 19 0
e 5 8 0
e 5 23 0
e 5 16 0
e 5 24 0
e 5 14 1
e 5 1 1
e 5 21 1
e 5 6 1
e 5 13 1
t # 76
v 0 0
v 1 1
v 2 2
v 3 3
v 4 4
v 5 5
v 6 6
v 7 7
v 8 8
v 9 9
v 10 10
v 11 11
v 12 12
v 13 13
v 14 14
v 15 15
v 16 16
v 17 17
v 18 18
v 19 19
v 20 20
v 21 21
v 22 22
v 23 23
v 24 24
v 25 25
v 26 26
v 27 27
v 28 28
v 29 29
v 30 30
v 31 31
v 32 32
e 2 9 0
e 2 27 0
e 2 23 0
e 2 26 0
e 2 22 0
e 2 4 0
e 2 11 1
e 2 11 1
e 2 15 1
e 2 24 0
e 2 17 0
e 2 8 0
e 2 30 0
e 2 14 0
e 2 29 0
e 2 20 0
e 2 12 0
e 2 13 0
e 2 21 0
e 2 3 0
e 2 7 0
e 2 0 0
e 2 18 0
e 2 5 0
e 2 1 0
e 2 19 0
e 2 31 0
e 2 10 0
e 2 6 0
e 2 16 0
e 2 25 0
e 2 32 0
e 2 28 0
t # 77
v 0 0
v 1 1
v 2 2
e 2 1 0
e 2 0 0
t # 78
v 0 0
v 1 1
e 0 1 0
t # 79
v 0 0
v 1 1
e 0 1 0
t # 80
v 0 0
v 1 1
v 2 2
v 3 3
v 4 4
v 5 5
v 6 6
v 7 7
e 6 4 0
e 6 1 0
e 6 5 0
e 6 3 0
e 6 2 0
e 6 7 0
e 6 0 0
t # 81
v 0 0
v 1 1
e 0 1 0
t # 82
v 0 0
v 1 1
v 2 2
v 3 3
e 2 0 0
e 2 1 1
e 2 3 1
e 2 3 1
t # 83
v 0 0
v 1 1
v 2 2
v 3 3
v 4 4
v 5 5
v 6 6
v 7 7
v 8 8
v 9 9
v 10 10
v 11 11
v 12 12
v 13 13
v 14 14
v 15 15
v 16 16
v 17 17
v 18 18
v 19 19
v 20 20
v 21 21
v 22 22
v 23 23
v 24 24
v 25 25
v 26 26
v 27 27
v 28 28
v 29 29
v 30 30
v 31 31
v 32 32
v 33 33
v 34 34
v 35 35
v 36 36
v 37 37
v 38 38
v 39 39
v 40 40
v 41 41
v 42 42
v 43 43
v 44 44
v 45 45
v 46 46
v 47 47
v 48 48
v 49 49
v 50 50
v 51 51
v 52 52
v 53 53
v 54 54
v 55 55
v 56 56
v 57 57
v 58 58
v 59 59
v 60 60
v 61 61
v 62 62
v 63 63
v 64 64
v 65 65
v 66 66
v 67 67
v 68 68
v 69 69
v 70 70
v 71 71
v 72 72
v 73 73
v 74 74
v 75 75
v 76 76
v 77 77
v 78 78
v 79 79
v 80 80
v 81 81
v 82 82
v 83 83
v 84 84
v 85 85
v 86 86
v 87 87
v 88 88
v 89 89
v 90 90
v 91 91
v 92 92
v 93 93
v 94 94
v 95 95
v 96 96
v 97 97
v 98 98
v 99 99
v 100 100
v 101 101
v 102 102
v 103 103
v 104 104
v 105 105
v 106 106
v 107 107
v 108 108
v 109 109
v 110 110
v 111 111
v 112 112
v 113 113
v 114 114
v 115 115
v 116 116
v 117 117
v 118 118
v 119 119
v 120 120
v 121 121
v 122 122
v 123 123
v 124 124
v 125 125
e 52 37 0
e 52 22 0
e 52 35 0
e 52 67 0
e 52 33 0
e 52 49 0
e 52 110 0
e 52 54 0
e 52 15 0
e 52 17 0
e 52 4 0
e 52 116 0
e 52 100 0
e 52 79 0
e 52 56 0
e 52 83 0
e 52 67 0
e 52 125 0
e 52 46 0
e 52 76 0
e 52 24 0
e 52 103 0
e 52 58 0
e 52 13 0
e 52 121 1
e 52 93 0
e 52 119 0
e 52 88 0
e 52 28 0
e 52 28 0
e 52 44 0
e 52 40 0
e 52 16 0
e 52 93 0
e 52 29 0
e 52 39 0
e 52 75 0
e 52 71 0
e 52 118 0
e 52 7 0
e 52 11 0
e 52 93 0
e 52 97 0
e 52 8 0
e 52 105 0
e 52 36 0
e 52 108 0
e 52 57 0
e 52 48 0
e 52 18 0
e 52 85 0
e 52 34 0
e 52 81 0
e 52 23 0
e 52 65 0
e 52 9 0
e 52 74 0
e 52 101 0
e 52 94 0
e 52 68 0
e 52 25 0
e 52 80 0
e 52 63 0
e 52 86 0
e 52 21 0
e 52 53 0
e 52 60 0
e 52 87 0
e 52 51 0
e 52 61 0
e 52 19 0
e 52 38 0
e 52 32 0
e 52 10 0
e 52 72 0
e 52 109 0
e 52 0 0
e 52 95 0
e 52 69 0
e 52 102 0
e 52 6 0
e 52 111 0
e 52 104 0
e 52 27 0
e 52 31 0
e 52 64 0
e 52 1 0
e 52 5 0
e 52 50 0
e 52 73 0
e 52 122 0
e 52 45 0
e 52 66 0
e 52 2 0
e 52 12 0
e 52 82 0
e 52 89 0
e 52 98 0
e 52 59 0
e 52 26 0
e 52 112 0
e 52 106 0
e 52 99 0
e 52 114 0
e 52 3 0
e 52 70 0
e 52 124 0
e 52 77 0
e 52 30 0
e 52 117 0
e 52 39 0
e 52 93 0
e 52 41 0
e 52 91 0
e 52 96 0
e 52 55 0
e 52 47 0
e 52 14 0
e 52 114 0
e 52 15 0
e 52 123 0
e 52 92 0
e 52 107 0
e 52 42 0
e 52 20 0
e 52 43 0
e 52 62 0
e 52 113 0
e 52 116 0
e 52 120 0
e 52 115 0
e 52 46 0
e 52 84 0
e 52 90 0
e 52 78 0
t # 84
v 0 0
v 1 1
v 2 2
v 3 3
v 4 4
v 5 5
v 6 6
v 7 7
v 8 8
v 9 9
v 10 10
v 11 11
v 12 12
v 13 13
v 14 14
v 15 15
v 16 16
e 7 0 0
e 7 5 0
e 7 8 0
e 7 10 0
e 7 2 0
e 7 14 0
e 7 3 0
e 7 9 0
e 7 11 0
e 7 15 0
e 7 12 0
e 7 16 0
e 7 4 0
e 7 6 0
e 7 1 0
e 7 13 0
t # 85
v 0 0
v 1 1
v 2 2
v 3 3
e 0 3 1
e 0 2 1
e 0 1 0
t # 86
v 0 0
v 1 1
v 2 2
e 0 1 1
e 0 2 1
t # 87
v 0 0
v 1 1
v 2 2
v 3 3
e 3 1 1
e 3 0 1
e 3 2 1
t # 88
v 0 0
v 1 1
v 2 2
v 3 3
v 4 4
v 5 5
v 6 6
v 7 7
v 8 8
v 9 9
v 10 10
v 11 11
v 12 12
v 13 13
v 14 14
v 15 15
v 16 16
v 17 17
v 18 18
v 19 19
v 20 20
v 21 21
v 22 22
v 23 23
v 24 24
v 25 25
v 26 26
v 27 27
v 28 28
v 29 29
v 30 30
v 31 31
v 32 32
v 33 33
v 34 34
v 35 35
e 16 20 1
e 16 6 1
e 16 10 1
e 16 25 1
e 16 32 0
e 16 3 0
e 16 15 0
e 16 9 0
e 16 28 0
e 16 24 0
e 16 29 0
e 16 1 0
e 16 7 0
e 16 33 0
e 16 4 0
e 16 2 0
e 16 30 0
e 16 11 0
e 16 26 0
e 16 22 0
e 16 4 0
e 16 19 0
e 16 5 0
e 16 14 0
e 16 8 0
e 16 27 0
e 16 0 0
e 16 4 0
e 16 13 0
e 16 18 0
e 16 17 0
e 16 34 0
e 16 12 0
e 16 35 0
e 16 23 0
e 16 31 0
e 16 21 0
e 16 4 0
e 16 4 0
e 16 4 0
t # 89
v 0 0
v 1 1
v 2 2
v 3 3
v 4 4
e 4 1 1
e 4 3 1
e 4 2 1
e 4 0 1
t # 90
v 0 0
v 1 1
v 2 2
v 3 3
v 4 4
v 5 5
v 6 6
v 7 7
v 8 8
e 0 4 0
e 0 8 0
e 0 2 0
e 0 3 0
e 0 5 0
e 0 7 0
e 0 6 0
e 0 1 1
e 0 1 1
t # 91
v 0 0
v 1 1
v 2 2
v 3 3
v 4 4
v 5 5
v 6 6
v 7 7
v 8 8
e 6 7 1
e 6 2 1
e 6 3 1
e 6 8 2
e 6 8 2
e 6 8 2
e 6 8 2
e 6 8 2
e 6 2 2
e 6 1 2
e 6 1 2
e 6 1 2
e 6 1 2
e 6 0 2
e 6 5 1
e 6 4 1
t # 92
v 0 0
v 1 1
e 1 0 0
e 1 0 0
t # 93
v 0 0
v 1 1
e 0 1 0
t # 94
v 0 0
v 1 1
v 2 2
e 1 2 0
e 1 0 0
t # 95
v 0 0
v 1 1
v 2 2
e 2 1 0
e 2 0 0
t # 96
v 0 0
v 1 1
v 2 2
v 3 3
v 4 4
v 5 5
v 6 6
e 6 3 0
e 6 1 0
e 6 2 0
e 6 0 0
e 6 4 0
e 6 5 0
t # 97
v 0 0
v 1 1
v 2 2
v 3 3
v 4 4
v 5 5
v 6 6
e 2 5 0
e 2 1 0
e 2 0 0
e 2 3 0
e 2 6 0
e 2 4 0
t # 98
v 0 0
v 1 1
e 1 0 0
t # 99
v 0 0
v 1 1
e 1 0 0
t # 100
v 0 0
v 1 1
e 0 1 0
t # 101
v 0 0
v 1 1
v 2 2
v 3 3
v 4 4
v 5 5
v 6 6
v 7 7
v 8 8
v 9 9
v 10 10
v 11 11
v 12 12
v 13 13
v 14 14
v 15 15
v 16 16
v 17 17
e 0 5 0
e 0 12 0
e 0 1 0
e 0 3 0
e 0 17 0
e 0 8 0
e 0 2 0
e 0 14 0
e 0 9 0
e 0 15 0
e 0 16 0
e 0 13 0
e 0 4 0
e 0 10 0
e 0 6 0
e 0 7 0
e 0 11 0
t # 102
v 0 0
v 1 1
v 2 2
v 3 3
v 4 4
v 5 5
v 6 6
v 7 7
v 8 8
v 9 9
v 10 10
v 11 11
v 12 12
e 1 2 0
e 1 6 0
e 1 3 0
e 1 8 0
e 1 11 0
e 1 12 0
e 1 10 0
e 1 4 0
e 1 9 0
e 1 0 0
e 1 7 0
e 1 5 0
t # 103
v 0 0
v 1 1
e 0 1 0
t # 104
v 0 0
v 1 1
e 1 0 0
t # 105
v 0 0
v 1 1
v 2 2
v 3 3
v 4 4
v 5 5
e 3 0 0
e 3 5 0
e 3 2 0
e 3 1 0
e 3 4 0
t # 106
v 0 0
v 1 1
e 0 1 0
t # 107
v 0 0
v 1 1
v 2 2
v 3 3
v 4 4
v 5 5
v 6 6
v 7 7
v 8 8
v 9 9
v 10 10
v 11 11
v 12 12
v 13 13
v 14 14
v 15 15
v 16 16
v 17 17
v 18 18
v 19 19
v 20 20
v 21 21
v 22 22
v 23 23
v 24 24
v 25 25
v 26 26
v 27 27
v 28 28
v 29 29
v 30 30
v 31 31
v 32 32
v 33 33
v 34 34
v 35 35
v 36 36
v 37 37
v 38 38
v 39 39
v 40 40
v 41 41
v 42 42
v 43 43
v 44 44
v 45 45
v 46 46
v 47 47
v 48 48
v 49 49
v 50 50
v 51 51
v 52 52
v 53 53
v 54 54
v 55 55
v 56 56
v 57 57
v 58 58
v 59 59
v 60 60
v 61 61
v 62 62
e 53 36 1
e 53 36 1
e 53 51 2
e 53 51 2
e 53 51 2
e 53 12 2
e 53 12 2
e 53 12 2
e 53 46 2
e 53 48 2
e 53 21 2
e 53 21 2
e 53 31 2
e 53 31 2
e 53 31 2
e 53 31 2
e 53 31 2
e 53 37 2
e 53 8 2
e 53 7 2
e 53 7 2
e 53 7 2
e 53 36 2
e 53 36 2
e 53 36 2
e 53 36 2
e 53 36 2
e 53 25 0
e 53 13 1
e 53 13 1
e 53 23 0
e 53 39 0
e 53 42 1
e 53 42 1
e 53 30 0
e 53 60 0
e 53 28 0
e 53 52 0
e 53 54 0
e 53 55 0
e 53 34 0
e 53 43 0
e 53 35 0
e 53 22 0
e 53 44 0
e 53 45 0
e 53 56 0
e 53 40 0
e 53 9 0
e 53 6 0
e 53 3 0
e 53 18 0
e 53 57 0
e 53 41 0
e 53 15 0
e 53 61 0
e 53 49 0
e 53 4 0
e 53 38 0
e 53 0 0
e 53 50 0
e 53 16 0
e 53 11 0
e 53 2 0
e 53 47 1
e 53 32 0
e 53 26 0
e 53 58 1
e 53 20 0
e 53 10 0
e 53 24 0
e 53 19 0
e 53 1 0
e 53 33 0
e 53 62 0
e 53 17 0
e 53 5 2
e 53 59 2
e 53 27 2
e 53 20 0
e 53 14 0
e 53 29 0
t # 108
v 0 0
v 1 1
e 0 1 0
t # 109
v 0 0
v 1 1
v 2 2
v 3 3
v 4 4
v 5 5
v 6 6
v 7 7
v 8 8
v 9 9
e 9 8 2
e 9 7 2
e 9 2 2
e 9 6 2
e 9 0 2
e 9 3 2
e 9 1 2
e 9 4 2
e 9 5 2
t # 110
v 0 0
v 1 1
e 0 1 0
t # 111
v 0 0
v 1 1
v 2 2
v 3 3
v 4 4
v 5 5
v 6 6
v 7 7
e 0 6 0
e 0 7 0
e 0 1 0
e 0 5 0
e 0 2 0
e 0 3 0
e 0 4 0
t # 112
v 0 0
v 1 1
e 0 1 0
t # 113
v 0 0
v 1 1
e 0 1 0
t # 114
v 0 0
v 1 1
e 1 0 0
t # 115
v 0 0
v 1 1
v 2 2
v 3 3
e 2 1 1
e 2 0 1
e 2 3 1
t # 116
v 0 0
v 1 1
e 1 0 0
t # 117
v 0 0
v 1 1
v 2 2
v 3 3
v 4 4
v 5 5
v 6 6
v 7 7
v 8 8
v 9 9
v 10 10
v 11 11
v 12 12
v 13 13
v 14 14
v 15 15
v 16 16
v 17 17
v 18 18
v 19 19
v 20 20
v 21 21
v 22 22
v 23 23
v 24 24
v 25 25
v 26 26
v 27 27
v 28 28
v 29 29
v 30 30
v 31 31
v 32 32
v 33 33
v 34 34
v 35 35
v 36 36
v 37 37
v 38 38
v 39 39
v 40 40
v 41 41
v 42 42
v 43 43
v 44 44
v 45 45
e 26 13 2
e 26 15 2
e 26 45 2
e 26 9 2
e 26 16 2
e 26 0 2
e 26 4 2
e 26 43 2
e 26 27 2
e 26 2 2
e 26 21 2
e 26 10 0
e 26 5 0
e 26 12 0
e 26 42 0
e 26 33 0
e 26 8 0
e 26 18 0
e 26 31 0
e 26 6 0
e 26 38 1
e 26 1 1
e 26 39 0
e 26 17 0
e 26 36 0
e 26 29 0
e 26 34 0
e 26 44 0
e 26 30 0
e 26 44 0
e 26 11 0
e 26 3 0
e 26 19 0
e 26 41 0
e 26 35 0
e 26 37 0
e 26 23 0
e 26 24 0
e 26 28 0
e 26 40 0
e 26 14 0
e 26 37 0
e 26 32 0
e 26 20 0
e 26 7 0
e 26 25 0
e 26 7 0
e 26 22 0
t # 118
v 0 0
v 1 1
e 0 1 0
t # 119
v 0 0
v 1 1
e 0 1 0
t # 120
v 0 0
v 1 1
v 2 2
e 1 2 0
e 1 0 0
t # 121
v 0 0
v 1 1
e 1 0 0
t # 122
v 0 0
v 1 1
e 1 0 0
t # 123
v 0 0
v 1 1
v 2 2
e 1 0 0
e 1 2 0
t # 124
v 0 0
v 1 1
e 0 1 0
t # 125
v 0 0
v 1 1
v 2 2
e 0 2 1
e 0 1 1
t # 126
v 0 0
v 1 1
e 1 0 0
t # 127
v 0 0
v 1 1
v 2 2
v 3 3
v 4 4
v 5 5
v 6 6
v 7 7
v 8 8
v 9 9
e 0 3 0
e 0 9 0
e 0 6 0
e 0 7 0
e 0 8 0
e 0 2 0
e 0 5 0
e 0 1 0
e 0 4 0
t # 128
v 0 0
v 1 1
e 0 1 0
t # 129
v 0 0
v 1 1
e 1 0 0
t # 130
v 0 0
v 1 1
v 2 2
v 3 3
v 4 4
v 5 5
v 6 6
v 7 7
v 8 8
v 9 9
v 10 10
e 0 3 1
e 0 3 1
e 0 3 1
e 0 10 1
e 0 10 1
e 0 10 1
e 0 4 1
e 0 1 2
e 0 1 2
e 0 1 2
e 0 1 2
e 0 5 2
e 0 8 2
e 0 2 0
e 0 6 1
e 0 7 1
e 0 7 1
e 0 9 1
e 0 9 1
e 0 9 1
t # 131
v 0 0
v 1 1
e 1 0 0
t # 132
v 0 0
v 1 1
e 0 1 0
e 0 1 0
t # 133
v 0 0
v 1 1
v 2 2
v 3 3
v 4 4
v 5 5
v 6 6
v 7 7
v 8 8
v 9 9
v 10 10
v 11 11
v 12 12
v 13 13
v 14 14
v 15 15
v 16 16
v 17 17
v 18 18
e 15 4 2
e 15 1 2
e 15 0 2
e 15 12 2
e 15 18 2
e 15 3 2
e 15 13 2
e 15 11 2
e 15 17 2
e 15 16 2
e 15 8 2
e 15 10 2
e 15 9 2
e 15 5 2
e 15 7 2
e 15 2 2
e 15 6 2
e 15 14 2
t # 134
v 0 0
v 1 1
e 1 0 0
t # 135
v 0 0
v 1 1
v 2 2
v 3 3
v 4 4
v 5 5
e 5 4 0
e 5 3 0
e 5 1 1
e 5 2 0
e 5 0 0
t # 136
v 0 0
v 1 1
v 2 2
v 3 3
v 4 4
v 5 5
v 6 6
v 7 7
e 3 2 2
e 3 0 2
e 3 5 2
e 3 1 2
e 3 7 2
e 3 6 2
e 3 4 0
t # 137
v 0 0
v 1 1
v 2 2
v 3 3
v 4 4
v 5 5
v 6 6
v 7 7
v 8 8
e 2 0 0
e 2 4 0
e 2 5 0
e 2 8 0
e 2 6 0
e 2 7 0
e 2 3 0
e 2 1 0
t # 138
v 0 0
v 1 1
v 2 2
v 3 3
v 4 4
v 5 5
v 6 6
v 7 7
v 8 8
v 9 9
v 10 10
v 11 11
v 12 12
v 13 13
v 14 14
v 15 15
v 16 16
v 17 17
v 18 18
v 19 19
v 20 20
v 21 21
v 22 22
v 23 23
v 24 24
v 25 25
v 26 26
v 27 27
v 28 28
v 29 29
v 30 30
v 31 31
v 32 32
v 33 33
v 34 34
v 35 35
v 36 36
v 37 37
v 38 38
v 39 39
v 40 40
v 41 41
v 42 42
v 43 43
v 44 44
v 45 45
v 46 46
e 6 17 1
e 6 2 1
e 6 12 1
e 6 32 1
e 6 1 2
e 6 36 2
e 6 36 2
e 6 8 2
e 6 11 2
e 6 34 2
e 6 34 2
e 6 28 2
e 6 28 2
e 6 13 0
e 6 9 0
e 6 18 0
e 6 5 1
e 6 43 1
e 6 39 1
e 6 44 0
e 6 22 0
e 6 24 1
e 6 24 1
e 6 42 0
e 6 35 0
e 6 41 1
e 6 16 1
e 6 23 0
e 6 14 1
e 6 14 1
e 6 27 1
e 6 10 1
e 6 10 1
e 6 29 0
e 6 19 0
e 6 38 0
e 6 26 1
e 6 7 1
e 6 45 1
e 6 3 1
e 6 25 1
e 6 0 1
e 6 21 1
e 6 40 1
e 6 34 0
e 6 37 1
e 6 4 1
e 6 20 0
e 6 15 0
e 6 31 0
e 6 46 0
e 6 30 0
e 6 33 0
t # 139
v 0 0
v 1 1
v 2 2
v 3 3
v 4 4
v 5 5
v 6 6
v 7 7
v 8 8
e 2 3 0
e 2 6 0
e 2 5 0
e 2 8 0
e 2 0 0
e 2 4 0
e 2 7 0
e 2 1 0
t # 140
v 0 0
v 1 1
e 1 0 0
t # 141
v 0 0
v 1 1
v 2 2
v 3 3
e 0 2 0
e 0 3 0
e 0 1 0
t # 142
v 0 0
v 1 1
v 2 2
v 3 3
v 4 4
v 5 5
v 6 6
v 7 7
v 8 8
v 9 9
v 10 10
v 11 11
v 12 12
v 13 13
v 14 14
v 15 15
v 16 16
v 17 17
v 18 18
v 19 19
v 20 20
v 21 21
v 22 22
v 23 23
v 24 24
v 25 25
v 26 26
v 27 27
v 28 28
v 29 29
v 30 30
v 31 31
v 32 32
v 33 33
v 34 34
v 35 35
v 36 36
v 37 37
v 38 38
v 39 39
v 40 40
v 41 41
v 42 42
v 43 43
v 44 44
v 45 45
v 46 46
v 47 47
v 48 48
v 49 49
v 50 50
v 51 51
v 52 52
v 53 53
v 54 54
v 55 55
v 56 56
v 57 57
v 58 58
v 59 59
v 60 60
v 61 61
v 62 62
v 63 63
v 64 64
v 65 65
v 66 66
v 67 67
v 68 68
v 69 69
v 70 70
v 71 71
v 72 72
v 73 73
v 74 74
v 75 75
v 76 76
v 77 77
v 78 78
v 79 79
v 80 80
v 81 81
v 82 82
v 83 83
v 84 84
v 85 85
v 86 86
v 87 87
v 88 88
v 89 89
v 90 90
v 91 91
v 92 92
e 23 89 1
e 23 39 1
e 23 59 1
e 23 86 2
e 23 72 2
e 23 76 2
e 23 0 2
e 23 25 2
e 23 92 2
e 23 56 2
e 23 74 2
e 23 63 2
e 23 50 2
e 23 64 2
e 23 46 0
e 23 9 1
e 23 52 1
e 23 17 2
e 23 17 2
e 23 66 2
e 23 66 2
e 23 66 2
e 23 55 2
e 23 67 2
e 23 14 1
e 23 85 1
e 23 33 1
e 23 12 1
e 23 34 1
e 23 78 1
e 23 1 0
e 23 28 0
e 23 15 0
e 23 87 0
e 23 27 0
e 23 22 0
e 23 37 0
e 23 73 0
e 23 21 0
e 23 57 0
e 23 54 2
e 23 54 2
e 23 90 2
e 23 82 2
e 23 82 2
e 23 82 2
e 23 5 0
e 23 77 1
e 23 68 1
e 23 41 1
e 23 65 2
e 23 6 2
e 23 48 2
e 23 11 2
e 23 53 2
e 23 71 2
e 23 38 2
e 23 84 2
e 23 61 2
e 23 36 1
e 23 18 1
e 23 70 1
e 23 29 1
e 23 62 1
e 23 69 0
e 23 88 0
e 23 45 0
e 23 3 0
e 23 4 0
e 23 10 0
e 23 43 0
e 23 7 2
e 23 8 2
e 23 83 2
e 23 24 2
e 23 20 2
e 23 13 2
e 23 26 2
e 23 35 2
e 23 30 1
e 23 91 1
e 23 60 1
e 23 44 1
e 23 49 0
e 23 75 1
e 23 79 1
e 23 51 0
e 23 40 2
e 23 80 2
e 23 58 2
e 23 31 2
e 23 16 2
e 23 47 2
e 23 19 2
e 23 2 2
e 23 32 0
e 23 81 1
e 23 42 1
t # 143
v 0 0
v 1 1
v 2 2
v 3 3
v 4 4
v 5 5
v 6 6
v 7 7
v 8 8
v 9 9
v 10 10
v 11 11
v 12 12
v 13 13
v 14 14
v 15 15
v 16 16
v 17 17
v 18 18
v 19 19
v 20 20
v 21 21
v 22 22
v 23 23
v 24 24
v 25 25
v 26 26
v 27 27
v 28 28
v 29 29
v 30 30
v 31 31
v 32 32
v 33 33
v 34 34
v 35 35
v 36 36
v 37 37
v 38 38
v 39 39
v 40 40
v 41 41
v 42 42
v 43 43
v 44 44
v 45 45
v 46 46
v 47 47
v 48 48
e 39 41 0
e 39 40 0
e 39 23 0
e 39 46 0
e 39 30 0
e 39 8 0
e 39 26 0
e 39 36 0
e 39 42 0
e 39 20 0
e 39 28 0
e 39 45 0
e 39 24 0
e 39 48 0
e 39 31 0
e 39 7 0
e 39 17 0
e 39 21 0
e 39 24 0
e 39 25 0
e 39 13 0
e 39 18 0
e 39 35 0
e 39 4 0
e 39 33 0
e 39 37 0
e 39 0 0
e 39 1 0
e 39 47 0
e 39 11 0
e 39 29 0
e 39 14 0
e 39 2 0
e 39 19 0
e 39 43 0
e 39 12 0
e 39 38 0
e 39 5 0
e 39 37 0
e 39 32 0
e 39 3 0
e 39 22 0
e 39 34 0
e 39 15 0
e 39 6 0
e 39 9 0
e 39 44 0
e 39 10 0
e 39 11 0
e 39 27 0
e 39 16 0
t # 144
v 0 0
v 1 1
v 2 2
v 3 3
v 4 4
v 5 5
v 6 6
e 6 3 0
e 6 4 0
e 6 0 0
e 6 5 1
e 6 2 1
e 6 1 0
t # 145
v 0 0
v 1 1
v 2 2
v 3 3
e 2 1 0
e 2 3 0
e 2 0 0
t # 146
v 0 0
v 1 1
v 2 2
v 3 3
v 4 4
v 5 5
v 6 6
v 7 7
v 8 8
v 9 9
v 10 10
v 11 11
v 12 12
v 13 13
v 14 14
v 15 15
v 16 16
v 17 17
v 18 18
v 19 19
v 20 20
v 21 21
v 22 22
v 23 23
v 24 24
v 25 25
v 26 26
v 27 27
v 28 28
v 29 29
v 30 30
v 31 31
v 32 32
v 33 33
v 34 34
v 35 35
v 36 36
e 4 22 0
e 4 30 1
e 4 13 0
e 4 15 0
e 4 11 0
e 4 14 0
e 4 24 0
e 4 0 0
e 4 18 1
e 4 15 1
e 4 7 0
e 4 36 0
e 4 25 0
e 4 35 0
e 4 23 0
e 4 19 0
e 4 16 0
e 4 28 0
e 4 12 0
e 4 31 0
e 4 6 0
e 4 3 0
e 4 32 0
e 4 21 0
e 4 27 0
e 4 20 0
e 4 26 0
e 4 9 0
e 4 8 0
e 4 29 0
e 4 33 0
e 4 10 0
e 4 5 0
e 4 2 0
e 4 17 0
e 4 34 0
e 4 1 0
t # 147
v 0 0
v 1 1
v 2 2
v 3 3
v 4 4
v 5 5
v 6 6
v 7 7
v 8 8
v 9 9
v 10 10
v 11 11
v 12 12
v 13 13
v 14 14
v 15 15
v 16 16
v 17 17
v 18 18
v 19 19
v 20 20
v 21 21
v 22 22
v 23 23
v 24 24
v 25 25
e 23 13 0
e 23 20 1
e 23 20 1
e 23 4 1
e 23 12 0
e 23 1 0
e 23 1 0
e 23 4 1
e 23 21 1
e 23 11 0
e 23 15 0
e 23 7 0
e 23 8 0
e 23 5 2
e 23 5 2
e 23 5 2
e 23 5 2
e 23 0 2
e 23 0 2
e 23 0 2
e 23 18 2
e 23 18 2
e 23 14 2
e 23 14 2
e 23 14 2
e 23 14 2
e 23 3 2
e 23 3 2
e 23 3 2
e 23 19 2
e 23 19 2
e 23 24 2
e 23 16 2
e 23 16 2
e 23 17 2
e 23 6 2
e 23 6 2
e 23 22 2
e 23 22 2
e 23 5 2
e 23 5 2
e 23 2 2
e 23 2 2
e 23 10 2
e 23 10 2
e 23 9 2
e 23 25 2
t # 148
v 0 0
v 1 1
v 2 2
v 3 3
v 4 4
v 5 5
v 6 6
e 5 0 1
e 5 0 1
e 5 6 1
e 5 1 1
e 5 3 0
e 5 2 0
e 5 4 0
t # 149
v 0 0
v 1 1
v 2 2
v 3 3
v 4 4
v 5 5
e 2 1 0
e 2 5 0
e 2 4 1
e 2 3 0
e 2 0 1
t # 150
v 0 0
v 1 1
v 2 2
v 3 3
v 4 4
v 5 5
e 5 0 1
e 5 2 1
e 5 4 1
e 5 1 0
e 5 3 0
t # 151
v 0 0
v 1 1
v 2 2
e 2 1 0
e 2 0 0
t # 152
v 0 0
v 1 1
e 1 0 0
t # 153
v 0 0
v 1 1
v 2 2
v 3 3
e 2 1 0
e 2 0 0
e 2 3 0
t # 154
v 0 0
v 1 1
e 0 1 0
t # 155
v 0 0
v 1 1
v 2 2
v 3 3
v 4 4
e 4 0 0
e 4 3 0
e 4 2 0
e 4 1 0
t # 156
v 0 0
v 1 1
v 2 2
v 3 3
v 4 4
v 5 5
v 6 6
v 7 7
v 8 8
v 9 9
v 10 10
v 11 11
v 12 12
v 13 13
v 14 14
v 15 15
v 16 16
v 17 17
v 18 18
v 19 19
v 20 20
v 21 21
v 22 22
v 23 23
v 24 24
v 25 25
v 26 26
v 27 27
v 28 28
v 29 29
e 1 19 0
e 1 29 0
e 1 9 0
e 1 15 0
e 1 3 0
e 1 28 0
e 1 4 0
e 1 0 0
e 1 8 0
e 1 24 0
e 1 17 0
e 1 5 0
e 1 12 0
e 1 16 0
e 1 7 0
e 1 20 0
e 1 14 2
e 1 25 2
e 1 2 2
e 1 13 2
e 1 11 2
e 1 18 2
e 1 20 0
e 1 26 1
e 1 27 1
e 1 6 1
e 1 10 1
e 1 21 0
e 1 23 0
e 1 22 0
t # 157
v 0 0
v 1 1
v 2 2
e 0 1 0
e 0 2 0
t # 158
v 0 0
v 1 1
v 2 2
v 3 3
v 4 4
v 5 5
v 6 6
e 5 1 0
e 5 2 1
e 5 3 1
e 5 4 1
e 5 6 0
e 5 0 0
t # 159
v 0 0
v 1 1
e 1 0 0
t # 160
v 0 0
v 1 1
v 2 2
v 3 3
v 4 4
v 5 5
e 4 5 0
e 4 2 0
e 4 3 2
e 4 3 2
e 4 3 2
e 4 3 2
e 4 3 2
e 4 0 2
e 4 1 0
t # 161
v 0 0
v 1 1
v 2 2
e 1 2 1
e 1 0 1
t # 162
v 0 0
v 1 1
e 0 1 1
t # 163
v 0 0
v 1 1
v 2 2
v 3 3
v 4 4
v 5 5
v 6 6
v 7 7
v 8 8
v 9 9
v 10 10
v 11 11
v 12 12
v 13 13
v 14 14
v 15 15
v 16 16
v 17 17
v 18 18
v 19 19
v 20 20
v 21 21
v 22 22
v 23 23
v 24 24
v 25 25
v 26 26
v 27 27
v 28 28
v 29 29
v 30 30
v 31 31
v 32 32
v 33 33
v 34 34
v 35 35
v 36 36
v 37 37
v 38 38
v 39 39
v 40 40
v 41 41
v 42 42
v 43 43
v 44 44
v 45 45
v 46 46
v 47 47
v 48 48
v 49 49
v 50 50
v 51 51
v 52 52
v 53 53
v 54 54
v 55 55
v 56 56
v 57 57
v 58 58
v 59 59
v 60 60
v 61 61
v 62 62
v 63 63
v 64 64
e 57 23 0
e 57 41 0
e 57 49 0
e 57 9 1
e 57 33 1
e 57 12 0
e 57 62 0
e 57 46 0
e 57 56 0
e 57 52 0
e 57 24 0
e 57 28 0
e 57 10 0
e 57 15 0
e 57 6 1
e 57 45 1
e 57 60 0
e 57 50 1
e 57 5 1
e 57 3 0
e 57 18 0
e 57 53 0
e 57 26 1
e 57 47 1
e 57 34 0
e 57 22 0
e 57 11 0
e 57 54 0
e 57 48 1
e 57 48 1
e 57 19 1
e 57 20 1
e 57 31 0
e 57 4 0
e 57 21 0
e 57 8 0
e 57 29 0
e 57 14 0
e 57 1 0
e 57 38 0
e 57 43 0
e 57 44 0
e 57 0 0
e 57 51 0
e 57 64 1
e 57 55 1
e 57 58 1
e 57 37 0
e 57 27 0
e 57 30 0
e 57 25 0
e 57 40 1
e 57 32 1
e 57 59 0
e 57 17 0
e 57 63 0
e 57 39 0
e 57 35 0
e 57 16 0
e 57 2 0
e 57 13 0
e 57 36 0
e 57 42 0
e 57 61 0
e 57 7 0
t # 164
v 0 0
v 1 1
v 2 2
v 3 3
v 4 4
v 5 5
v 6 6
e 6 0 0
e 6 2 0
e 6 4 0
e 6 3 0
e 6 4 0
e 6 5 0
e 6 1 0
t # 165
v 0 0
v 1 1
e 1 0 0
t # 166
v 0 0
v 1 1
e 0 1 0
t # 167
v 0 0
v 1 1
e 0 1 0
t # 168
v 0 0
v 1 1
v 2 2
e 0 1 0
e 0 2 0
t # 169
v 0 0
v 1 1
e 1 0 0
t # 170
v 0 0
v 1 1
v 2 2
v 3 3
v 4 4
v 5 5
v 6 6
e 0 1 0
e 0 4 0
e 0 2 0
e 0 6 0
e 0 3 0
e 0 5 0
t # 171
v 0 0
v 1 1
v 2 2
v 3 3
v 4 4
v 5 5
v 6 6
v 7 7
v 8 8
v 9 9
v 10 10
v 11 11
v 12 12
v 13 13
v 14 14
v 15 15
v 16 16
v 17 17
v 18 18
v 19 19
v 20 20
v 21 21
v 22 22
v 23 23
v 24 24
v 25 25
v 26 26
v 27 27
v 28 28
v 29 29
v 30 30
v 31 31
v 32 32
v 33 33
v 34 34
v 35 35
v 36 36
v 37 37
v 38 38
e 10 35 1
e 10 9 1
e 10 9 1
e 10 32 1
e 10 23 0
e 10 11 1
e 10 15 1
e 10 33 0
e 10 37 0
e 10 12 0
e 10 13 0
e 10 3 0
e 10 8 0
e 10 26 0
e 10 6 0
e 10 36 0
e 10 20 0
e 10 21 0
e 10 0 0
e 10 22 0
e 10 24 0
e 10 1 0
e 10 28 0
e 10 31 0
e 10 17 0
e 10 8 0
e 10 14 0
e 10 16 0
e 10 5 0
e 10 18 0
e 10 34 1
e 10 34 1
e 10 2 1
e 10 4 1
e 10 19 0
e 10 17 0
e 10 38 0
e 10 7 0
e 10 25 0
e 10 30 0
e 10 27 0
e 10 29 0
e 10 34 0
t # 172
v 0 0
v 1 1
v 2 2
v 3 3
v 4 4
v 5 5
v 6 6
v 7 7
v 8 8
v 9 9
v 10 10
v 11 11
v 12 12
v 13 13
v 14 14
v 15 15
v 16 16
v 17 17
v 18 18
v 19 19
v 20 20
v 21 21
v 22 22
v 23 23
v 24 24
v 25 25
v 26 26
v 27 27
v 28 28
v 29 29
v 30 30
v 31 31
v 32 32
v 33 33
v 34 34
v 35 35
v 36 36
v 37 37
v 38 38
v 39 39
v 40 40
v 41 41
v 42 42
v 43 43
v 44 44
v 45 45
v 46 46
v 47 47
v 48 48
v 49 49
v 50 50
v 51 51
v 52 52
v 53 53
v 54 54
v 55 55
v 56 56
v 57 57
v 58 58
v 59 59
v 60 60
v 61 61
v 62 62
v 63 63
v 64 64
v 65 65
v 66 66
v 67 67
v 68 68
v 69 69
v 70 70
v 71 71
v 72 72
v 73 73
v 74 74
v 75 75
v 76 76
v 77 77
v 78 78
v 79 79
v 80 80
v 81 81
v 82 82
v 83 83
v 84 84
v 85 85
v 86 86
v 87 87
v 88 88
v 89 89
v 90 90
v 91 91
v 92 92
v 93 93
v 94 94
v 95 95
v 96 96
v 97 97
v 98 98
v 99 99
v 100 100
v 101 101
v 102 102
v 103 103
v 104 104
v 105 105
v 106 106
v 107 107
v 108 108
v 109 109
v 110 110
v 111 111
v 112 112
v 113 113
v 114 114
v 115 115
v 116 116
v 117 117
v 118 118
e 59 94 1
e 59 47 1
e 59 29 1
e 59 57 1
e 59 57 1
e 59 18 2
e 59 10 2
e 59 10 2
e 59 96 2
e 59 7 2
e 59 7 2
e 59 25 2
e 59 25 2
e 59 49 2
e 59 5 2
e 59 98 2
e 59 22 2
e 59 22 2
e 59 22 2
e 59 63 2
e 59 63 2
e 59 4 0
e 59 17 0
e 59 36 0
e 59 73 0
e 59 32 0
e 59 115 0
e 59 50 0
e 59 48 0
e 59 80 0
e 59 51 0
e 59 26 0
e 59 85 0
e 59 14 0
e 59 65 0
e 59 92 0
e 59 99 0
e 59 24 0
e 59 110 0
e 59 43 0
e 59 13 0
e 59 39 0
e 59 91 0
e 59 86 0
e 59 77 0
e 59 108 0
e 59 11 0
e 59 78 0
e 59 53 0
e 59 117 0
e 59 41 0
e 59 12 0
e 59 40 0
e 59 35 0
e 59 116 0
e 59 107 0
e 59 71 0
e 59 1 0
e 59 31 0
e 59 46 0
e 59 64 0
e 59 75 0
e 59 27 0
e 59 112 0
e 59 93 0
e 59 15 0
e 59 23 0
e 59 118 0
e 59 42 0
e 59 83 0
e 59 61 0
e 59 103 0
e 59 79 0
e 59 88 0
e 59 76 0
e 59 16 0
e 59 72 0
e 59 38 0
e 59 37 0
e 59 74 0
e 59 87 0
e 59 100 0
e 59 111 0
e 59 9 0
e 59 84 0
e 59 60 0
e 59 58 0
e 59 89 0
e 59 62 0
e 59 20 0
e 59 3 0
e 59 68 0
e 59 69 0
e 59 19 0
e 59 113 0
e 59 81 0
e 59 33 0
e 59 44 0
e 59 34 0
e 59 97 0
e 59 21 0
e 59 45 2
e 59 105 2
e 59 106 2
e 59 0 2
e 59 70 2
e 59 56 2
e 59 8 0
e 59 30 0
e 59 114 0
e 59 104 0
e 59 109 0
e 59 52 2
e 59 52 2
e 59 54 2
e 59 28 2
e 59 90 2
e 59 55 2
e 59 55 2
e 59 55 2
e 59 6 2
e 59 95 2
e 59 101 2
e 59 66 0
e 59 82 0
e 59 102 0
e 59 2 0
e 59 67 0
t # 173
v 0 0
v 1 1
e 0 1 0
t # 174
v 0 0
v 1 1
e 0 1 0
t # 175
v 0 0
v 1 1
v 2 2
v 3 3
v 4 4
v 5 5
v 6 6
v 7 7
v 8 8
v 9 9
v 10 10
v 11 11
e 9 3 0
e 9 2 0
e 9 6 0
e 9 0 0
e 9 10 0
e 9 4 0
e 9 8 0
e 9 11 0
e 9 5 0
e 9 7 0
e 9 1 0
t # 176
v 0 0
v 1 1
v 2 2
v 3 3
v 4 4
e 4 2 0
e 4 0 2
e 4 0 2
e 4 0 2
e 4 0 2
e 4 0 2
e 4 0 2
e 4 0 2
e 4 0 2
e 4 1 0
e 4 3 0
t # 177
v 0 0
v 1 1
e 1 0 0
t # 178
v 0 0
v 1 1
e 0 1 0
t # 179
v 0 0
v 1 1
v 2 2
e 0 1 0
e 0 2 0
t # 180
v 0 0
v 1 1
e 1 0 0
t # 181
v 0 0
v 1 1
v 2 2
e 2 1 0
e 2 0 0
t # 182
v 0 0
v 1 1
v 2 2
v 3 3
v 4 4
v 5 5
v 6 6
v 7 7
v 8 8
v 9 9
v 10 10
v 11 11
v 12 12
v 13 13
e 12 6 0
e 12 1 0
e 12 10 0
e 12 9 0
e 12 13 0
e 12 11 0
e 12 2 0
e 12 4 0
e 12 5 0
e 12 3 0
e 12 8 0
e 12 7 0
e 12 0 0
t # 183
v 0 0
v 1 1
v 2 2
v 3 3
v 4 4
v 5 5
v 6 6
v 7 7
v 8 8
v 9 9
v 10 10
v 11 11
v 12 12
v 13 13
v 14 14
e 8 6 1
e 8 7 1
e 8 10 0
e 8 14 0
e 8 5 0
e 8 4 0
e 8 0 0
e 8 11 0
e 8 12 0
e 8 1 0
e 8 9 0
e 8 2 1
e 8 13 1
e 8 3 0
t # 184
v 0 0
v 1 1
e 1 0 0
t # 185
v 0 0
v 1 1
v 2 2
e 1 2 1
e 1 0 1
t # 186
v 0 0
v 1 1
e 0 1 0
t # 187
v 0 0
v 1 1
e 1 0 0
t # 188
v 0 0
v 1 1
v 2 2
e 1 2 1
e 1 2 1
e 1 0 0
t # 189
v 0 0
v 1 1
v 2 2
v 3 3
v 4 4
v 5 5
v 6 6
v 7 7
e 5 1 1
e 5 0 1
e 5 7 1
e 5 4 1
e 5 6 1
e 5 3 0
e 5 2 0
t # 190
v 0 0
v 1 1
e 1 0 0
t # 191
v 0 0
v 1 1
v 2 2
v 3 3
v 4 4
v 5 5
v 6 6
v 7 7
v 8 8
v 9 9
v 10 10
v 11 11
v 12 12
e 5 4 0
e 5 0 1
e 5 1 0
e 5 11 0
e 5 3 0
e 5 8 0
e 5 6 0
e 5 10 0
e 5 7 0
e 5 12 0
e 5 9 0
e 5 2 0
t # 192
v 0 0
v 1 1
e 0 1 1
e 0 1 1
e 0 1 1
t # 193
v 0 0
v 1 1
e 0 1 0
t # 194
v 0 0
v 1 1
e 1 0 0
t # 195
v 0 0
v 1 1
v 2 2
e 2 1 0
e 2 0 0
t # 196
v 0 0
v 1 1
e 1 0 0
t # 197
v 0 0
v 1 1
e 0 1 0
t # 198
v 0 0
v 1 1
v 2 2
e 1 0 1
e 1 2 1
t # 199
v 0 0
v 1 1
e 0 1 0
t # 200
v 0 0
v 1 1
v 2 2
v 3 3
e 0 1 0
e 0 3 0
e 0 2 0
t # 201
v 0 0
v 1 1
v 2 2
v 3 3
e 0 1 0
e 0 2 0
e 0 3 0
t # 202
v 0 0
v 1 1
v 2 2
v 3 3
v 4 4
v 5 5
v 6 6
e 0 5 0
e 0 1 0
e 0 2 0
e 0 3 0
e 0 6 0
e 0 4 0
t # 203
v 0 0
v 1 1
e 1 0 0
e 1 0 0
t # 204
v 0 0
v 1 1
v 2 2
v 3 3
v 4 4
v 5 5
v 6 6
v 7 7
v 8 8
v 9 9
v 10 10
v 11 11
v 12 12
v 13 13
v 14 14
v 15 15
v 16 16
e 7 12 0
e 7 9 0
e 7 13 0
e 7 3 0
e 7 10 0
e 7 11 0
e 7 14 0
e 7 2 0
e 7 8 0
e 7 6 0
e 7 15 0
e 7 1 0
e 7 16 0
e 7 4 1
e 7 0 1
e 7 5 1
t # 205
v 0 0
v 1 1
e 0 1 0
t # 206
v 0 0
v 1 1
e 1 0 0
t # 207
v 0 0
v 1 1
v 2 2
v 3 3
v 4 4
v 5 5
v 6 6
v 7 7
v 8 8
v 9 9
v 10 10
v 11 11
v 12 12
v 13 13
e 3 9 0
e 3 7 0
e 3 10 0
e 3 12 0
e 3 1 0
e 3 2 0
e 3 0 0
e 3 4 0
e 3 5 0
e 3 8 0
e 3 11 0
e 3 6 0
e 3 13 0
t # 208
v 0 0
v 1 1
e 0 1 0
t # 209
v 0 0
v 1 1
v 2 2
v 3 3
e 0 3 0
e 0 1 0
e 0 2 0
t # 210
v 0 0
v 1 1
v 2 2
e 1 0 1
e 1 2 1
t # 211
v 0 0
v 1 1
e 1 0 0
t # 212
v 0 0
v 1 1
v 2 2
e 2 0 0
e 2 1 0
t # 213
v 0 0
v 1 1
v 2 2
e 2 0 0
e 2 1 0
t # 214
v 0 0
v 1 1
e 0 1 0
t # 215
v 0 0
v 1 1
e 1 0 1
e 1 0 1
t # 216
v 0 0
v 1 1
e 1 0 0
t # 217
v 0 0
v 1 1
v 2 2
v 3 3
v 4 4
v 5 5
v 6 6
v 7 7
v 8 8
v 9 9
v 10 10
v 11 11
v 12 12
e 1 2 0
e 1 5 0
e 1 6 1
e 1 10 1
e 1 7 1
e 1 8 1
e 1 11 0
e 1 9 0
e 1 0 0
e 1 12 0
e 1 3 0
e 1 4 0
t # 218
v 0 0
v 1 1
v 2 2
v 3 3
v 4 4
e 2 1 2
e 2 1 2
e 2 0 2
e 2 4 2
e 2 3 2
e 2 3 2
e 2 3 2
t # 219
v 0 0
v 1 1
v 2 2
v 3 3
v 4 4
e 1 2 0
e 1 4 0
e 1 0 0
e 1 3 0
t # 220
v 0 0
v 1 1
v 2 2
v 3 3
e 0 3 0
e 0 2 0
e 0 1 0
t # 221
v 0 0
v 1 1
e 0 1 0
t # 222
v 0 0
v 1 1
v 2 2
v 3 3
v 4 4
v 5 5
e 3 1 0
e 3 0 1
e 3 0 1
e 3 2 1
e 3 5 0
e 3 4 0
t # 223
v 0 0
v 1 1
e 0 1 0
t # 224
v 0 0
v 1 1
e 1 0 1
t # 225
v 0 0
v 1 1
e 1 0 0
t # 226
v 0 0
v 1 1
v 2 2
v 3 3
v 4 4
v 5 5
v 6 6
v 7 7
e 4 0 0
e 4 7 1
e 4 5 0
e 4 3 0
e 4 1 0
e 4 2 0
e 4 6 0
t # 227
v 0 0
v 1 1
e 1 0 1
t # 228
v 0 0
v 1 1
v 2 2
v 3 3
v 4 4
v 5 5
v 6 6
v 7 7
v 8 8
v 9 9
v 10 10
v 11 11
v 12 12
v 13 13
v 14 14
v 15 15
v 16 16
v 17 17
v 18 18
v 19 19
v 20 20
v 21 21
e 1 15 0
e 1 12 0
e 1 11 0
e 1 18 0
e 1 20 0
e 1 19 0
e 1 7 0
e 1 6 0
e 1 13 0
e 1 5 0
e 1 8 0
e 1 10 0
e 1 17 0
e 1 21 0
e 1 4 0
e 1 0 0
e 1 14 0
e 1 3 0
e 1 16 0
e 1 2 0
e 1 9 0
e 1 5 0
e 1 5 0
e 1 5 0
t # 229
v 0 0
v 1 1
v 2 2
v 3 3
v 4 4
v 5 5
v 6 6
v 7 7
v 8 8
v 9 9
v 10 10
v 11 11
v 12 12
v 13 13
v 14 14
v 15 15
v 16 16
v 17 17
v 18 18
v 19 19
v 20 20
e 20 10 0
e 20 18 0
e 20 13 0
e 20 11 0
e 20 5 0
e 20 17 0
e 20 4 0
e 20 0 0
e 20 6 0
e 20 2 0
e 20 9 0
e 20 12 0
e 20 3 0
e 20 15 0
e 20 1 0
e 20 7 0
e 20 8 0
e 20 16 0
e 20 19 0
e 20 14 0
t # 230
v 0 0
v 1 1
v 2 2
v 3 3
v 4 4
v 5 5
v 6 6
v 7 7
v 8 8
v 9 9
v 10 10
v 11 11
v 12 12
v 13 13
v 14 14
v 15 15
v 16 16
v 17 17
v 18 18
v 19 19
v 20 20
v 21 21
v 22 22
v 23 23
v 24 24
v 25 25
v 26 26
v 27 27
v 28 28
v 29 29
v 30 30
v 31 31
v 32 32
v 33 33
v 34 34
v 35 35
v 36 36
v 37 37
v 38 38
v 39 39
v 40 40
v 41 41
v 42 42
v 43 43
v 44 44
v 45 45
v 46 46
v 47 47
v 48 48
v 49 49
v 50 50
v 51 51
v 52 52
v 53 53
v 54 54
v 55 55
v 56 56
v 57 57
v 58 58
v 59 59
v 60 60
v 61 61
v 62 62
v 63 63
v 64 64
v 65 65
v 66 66
v 67 67
v 68 68
v 69 69
v 70 70
v 71 71
v 72 72
e 2 57 0
e 2 6 0
e 2 19 0
e 2 46 0
e 2 51 0
e 2 67 0
e 2 47 0
e 2 41 1
e 2 17 1
e 2 59 0
e 2 25 1
e 2 38 1
e 2 7 1
e 2 9 0
e 2 65 0
e 2 26 0
e 2 29 0
e 2 15 0
e 2 54 0
e 2 42 1
e 2 44 1
e 2 64 0
e 2 5 0
e 2 8 0
e 2 66 0
e 2 72 0
e 2 60 0
e 2 22 0
e 2 11 0
e 2 45 0
e 2 16 0
e 2 13 0
e 2 71 0
e 2 56 0
e 2 52 0
e 2 48 0
e 2 32 0
e 2 62 0
e 2 20 0
e 2 68 0
e 2 37 0
e 2 12 0
e 2 31 0
e 2 30 0
e 2 33 0
e 2 50 0
e 2 3 0
e 2 49 0
e 2 21 0
e 2 40 0
e 2 4 0
e 2 0 0
e 2 43 0
e 2 69 0
e 2 24 0
e 2 70 1
e 2 14 0
e 2 63 0
e 2 27 0
e 2 39 0
e 2 58 0
e 2 61 0
e 2 23 0
e 2 53 0
e 2 55 0
e 2 34 0
e 2 35 0
e 2 18 0
e 2 36 0
e 2 1 0
e 2 10 1
e 2 28 1
t # 231
v 0 0
v 1 1
e 0 1 0
t # 232
v 0 0
v 1 1
v 2 2
v 3 3
e 0 1 0
e 0 2 0
e 0 3 0
t # 233
v 0 0
v 1 1
v 2 2
v 3 3
v 4 4
v 5 5
v 6 6
v 7 7
v 8 8
e 8 0 1
e 8 2 1
e 8 3 0
e 8 1 0
e 8 7 0
e 8 6 0
e 8 4 1
e 8 5 1
t # 234
v 0 0
v 1 1
v 2 2
v 3 3
v 4 4
v 5 5
v 6 6
v 7 7
v 8 8
v 9 9
v 10 10
v 11 11
v 12 12
v 13 13
v 14 14
v 15 15
v 16 16
v 17 17
v 18 18
v 19 19
v 20 20
v 21 21
v 22 22
v 23 23
v 24 24
v 25 25
v 26 26
v 27 27
v 28 28
v 29 29
v 30 30
v 31 31
v 32 32
v 33 33
v 34 34
v 35 35
v 36 36
v 37 37
v 38 38
v 39 39
v 40 40
e 27 1 0
e 27 9 0
e 27 28 0
e 27 33 0
e 27 35 0
e 27 12 0
e 27 19 0
e 27 3 0
e 27 10 0
e 27 6 0
e 27 8 0
e 27 22 0
e 27 25 0
e 27 5 0
e 27 20 0
e 27 13 0
e 27 38 0
e 27 24 0
e 27 21 0
e 27 40 0
e 27 36 0
e 27 39 0
e 27 0 0
e 27 32 1
e 27 32 1
e 27 26 0
e 27 17 0
e 27 7 0
e 27 18 0
e 27 37 0
e 27 34 0
e 27 2 0
e 27 29 0
e 27 31 0
e 27 30 0
e 27 16 0
e 27 14 0
e 27 4 0
e 27 15 0
e 27 11 0
e 27 23 0
t # 235
v 0 0
v 1 1
v 2 2
v 3 3
v 4 4
v 5 5
v 6 6
v 7 7
v 8 8
v 9 9
v 10 10
v 11 11
v 12 12
v 13 13
e 3 0 0
e 3 2 0
e 3 10 0
e 3 6 0
e 3 11 0
e 3 8 0
e 3 5 0
e 3 13 0
e 3 1 0
e 3 12 0
e 3 9 0
e 3 7 0
e 3 4 0
t # 236
v 0 0
v 1 1
v 2 2
v 3 3
v 4 4
v 5 5
v 6 6
v 7 7
v 8 8
v 9 9
v 10 10
v 11 11
v 12 12
v 13 13
v 14 14
v 15 15
v 16 16
v 17 17
v 18 18
v 19 19
v 20 20
v 21 21
v 22 22
v 23 23
v 24 24
v 25 25
v 26 26
v 27 27
v 28 28
v 29 29
v 30 30
v 31 31
v 32 32
v 33 33
v 34 34
v 35 35
v 36 36
v 37 37
v 38 38
v 39 39
v 40 40
v 41 41
v 42 42
v 43 43
v 44 44
v 45 45
v 46 46
v 47 47
v 48 48
v 49 49
v 50 50
v 51 51
v 52 52
e 2 47 0
e 2 32 1
e 2 13 1
e 2 13 1
e 2 44 0
e 2 14 0
e 2 12 0
e 2 49 0
e 2 52 0
e 2 29 0
e 2 18 0
e 2 50 0
e 2 16 0
e 2 0 0
e 2 17 0
e 2 15 0
e 2 4 0
e 2 38 0
e 2 24 0
e 2 31 0
e 2 39 0
e 2 20 0
e 2 21 0
e 2 40 0
e 2 9 0
e 2 10 0
e 2 26 0
e 2 27 0
e 2 7 0
e 2 11 0
e 2 48 0
e 2 37 0
e 2 31 0
e 2 38 0
e 2 42 0
e 2 38 0
e 2 3 0
e 2 45 0
e 2 1 0
e 2 52 0
e 2 22 0
e 2 41 0
e 2 26 0
e 2 19 0
e 2 18 0
e 2 8 0
e 2 9 0
e 2 6 0
e 2 35 0
e 2 36 0
e 2 10 0
e 2 25 0
e 2 33 0
e 2 5 0
e 2 38 0
e 2 37 0
e 2 38 0
e 2 51 1
e 2 51 1
e 2 6 0
e 2 30 0
e 2 28 0
e 2 23 0
e 2 43 0
e 2 34 0
e 2 46 0
t # 237
v 0 0
v 1 1
v 2 2
v 3 3
v 4 4
v 5 5
v 6 6
v 7 7
e 4 3 0
e 4 6 0
e 4 7 0
e 4 5 0
e 4 0 0
e 4 2 0
e 4 1 0
t # 238
v 0 0
v 1 1
e 0 1 1
t # 239
v 0 0
v 1 1
v 2 2
v 3 3
v 4 4
v 5 5
e 1 2 1
e 1 4 1
e 1 3 1
e 1 3 1
e 1 0 2
e 1 5 2
t # 240
v 0 0
v 1 1
v 2 2
v 3 3
e 0 3 0
e 0 1 0
e 0 2 0
t # 241
v 0 0
v 1 1
v 2 2
e 0 1 0
e 0 2 0
t # 242
v 0 0
v 1 1
e 1 0 0
t # 243
v 0 0
v 1 1
e 0 1 0
t # 244
v 0 0
v 1 1
v 2 2
e 2 1 0
e 2 0 0
t # 245
v 0 0
v 1 1
e 0 1 0
t # 246
v 0 0
v 1 1
v 2 2
v 3 3
e 3 2 0
e 3 1 0
e 3 0 0
t # 247
v 0 0
v 1 1
e 0 1 0
t # 248
v 0 0
v 1 1
v 2 2
v 3 3
v 4 4
e 2 1 0
e 2 4 0
e 2 0 0
e 2 3 0
t # 249
v 0 0
v 1 1
v 2 2
v 3 3
v 4 4
v 5 5
v 6 6
v 7 7
v 8 8
v 9 9
v 10 10
v 11 11
v 12 12
v 13 13
v 14 14
v 15 15
v 16 16
v 17 17
v 18 18
v 19 19
v 20 20
v 21 21
v 22 22
v 23 23
v 24 24
v 25 25
v 26 26
v 27 27
v 28 28
v 29 29
v 30 30
v 31 31
v 32 32
v 33 33
v 34 34
v 35 35
v 36 36
v 37 37
v 38 38
v 39 39
v 40 40
v 41 41
v 42 42
v 43 43
v 44 44
v 45 45
v 46 46
v 47 47
v 48 48
v 49 49
v 50 50
v 51 51
v 52 52
v 53 53
v 54 54
v 55 55
v 56 56
v 57 57
v 58 58
v 59 59
v 60 60
v 61 61
v 62 62
v 63 63
v 64 64
v 65 65
v 66 66
v 67 67
v 68 68
v 69 69
v 70 70
v 71 71
v 72 72
v 73 73
v 74 74
v 75 75
v 76 76
v 77 77
v 78 78
v 79 79
v 80 80
v 81 81
v 82 82
v 83 83
v 84 84
v 85 85
v 86 86
v 87 87
v 88 88
v 89 89
v 90 90
v 91 91
v 92 92
v 93 93
v 94 94
v 95 95
v 96 96
v 97 97
v 98 98
v 99 99
v 100 100
v 101 101
v 102 102
v 103 103
v 104 104
v 105 105
v 106 106
v 107 107
v 108 108
v 109 109
v 110 110
v 111 111
v 112 112
v 113 113
v 114 114
v 115 115
v 116 116
v 117 117
v 118 118
v 119 119
v 120 120
v 121 121
v 122 122
v 123 123
v 124 124
v 125 125
v 126 126
v 127 127
v 128 128
v 129 129
v 130 130
e 77 82 0
e 77 84 0
e 77 4 0
e 77 102 0
e 77 123 0
e 77 56 0
e 77 76 0
e 77 85 0
e 77 43 0
e 77 38 0
e 77 115 0
e 77 69 0
e 77 122 0
e 77 28 0
e 77 98 0
e 77 60 0
e 77 113 0
e 77 127 0
e 77 128 0
e 77 96 0
e 77 15 0
e 77 36 0
e 77 124 0
e 77 44 0
e 77 63 0
e 77 116 0
e 77 103 0
e 77 52 0
e 77 95 0
e 77 119 0
e 77 6 0
e 77 86 0
e 77 39 0
e 77 79 0
e 77 35 0
e 77 41 0
e 77 117 0
e 77 37 0
e 77 1 0
e 77 57 0
e 77 97 0
e 77 32 0
e 77 30 0
e 77 125 0
e 77 65 0
e 77 101 0
e 77 126 0
e 77 22 0
e 77 50 0
e 77 90 0
e 77 8 0
e 77 73 0
e 77 14 0
e 77 75 0
e 77 83 0
e 77 34 0
e 77 129 0
e 77 105 0
e 77 106 0
e 77 70 0
e 77 26 0
e 77 100 0
e 77 71 0
e 77 112 0
e 77 25 0
e 77 130 0
e 77 110 0
e 77 46 0
e 77 12 0
e 77 92 0
e 77 21 0
e 77 2 0
e 77 78 0
e 77 93 0
e 77 18 0
e 77 9 0
e 77 61 0
e 77 111 0
e 77 94 0
e 77 87 0
e 77 72 0
e 77 48 0
e 77 16 0
e 77 58 0
e 77 13 0
e 77 10 0
e 77 59 0
e 77 62 0
e 77 81 0
e 77 99 0
e 77 49 0
e 77 54 0
e 77 42 0
e 77 19 0
e 77 11 0
e 77 23 0
e 77 91 0
e 77 74 0
e 77 68 0
e 77 31 0
e 77 24 0
e 77 27 0
e 77 5 0
e 77 24 0
e 77 114 0
e 77 120 0
e 77 88 0
e 77 55 0
e 77 47 0
e 77 45 0
e 77 3 0
e 77 0 0
e 77 107 1
e 77 107 1
e 77 53 1
e 77 20 0
e 77 89 0
e 77 104 0
e 77 64 0
e 77 66 0
e 77 67 0
e 77 7 0
e 77 17 0
e 77 80 0
e 77 33 0
e 77 109 1
e 77 108 1
e 77 51 0
e 77 29 1
e 77 118 1
e 77 40 1
e 77 121 1
t # 250
v 0 0
v 1 1
v 2 2
e 1 0 0
e 1 2 0
t # 251
v 0 0
v 1 1
e 0 1 0
t # 252
v 0 0
v 1 1
v 2 2
e 0 2 0
e 0 1 0
t # 253
v 0 0
v 1 1
v 2 2
v 3 3
e 2 3 1
e 2 1 1
e 2 0 1
t # 254
v 0 0
v 1 1
v 2 2
v 3 3
v 4 4
v 5 5
v 6 6
v 7 7
v 8 8
v 9 9
e 5 4 0
e 5 7 0
e 5 6 0
e 5 1 0
e 5 0 0
e 5 4 0
e 5 3 0
e 5 8 0
e 5 2 0
e 5 9 0
t # 255
v 0 0
v 1 1
v 2 2
v 3 3
v 4 4
v 5 5
v 6 6
v 7 7
v 8 8
v 9 9
v 10 10
v 11 11
v 12 12
e 5 0 0
e 5 12 0
e 5 8 0
e 5 9 0
e 5 1 0
e 5 10 0
e 5 6 0
e 5 4 0
e 5 3 0
e 5 2 0
e 5 11 0
e 5 7 0
t # 256
v 0 0
v 1 1
v 2 2
v 3 3
v 4 4
v 5 5
v 6 6
v 7 7
v 8 8
v 9 9
v 10 10
v 11 11
v 12 12
e 9 3 0
e 9 11 1
e 9 0 1
e 9 0 1
e 9 8 0
e 9 2 1
e 9 2 1
e 9 4 1
e 9 12 0
e 9 5 0
e 9 10 1
e 9 10 1
e 9 10 1
e 9 10 1
e 9 10 1
e 9 6 0
e 9 7 0
e 9 1 1
e 9 1 1
t # 257
v 0 0
v 1 1
v 2 2
e 1 0 0
e 1 2 0
t # 258
v 0 0
v 1 1
v 2 2
v 3 3
v 4 4
v 5 5
v 6 6
v 7 7
v 8 8
v 9 9
v 10 10
v 11 11
v 12 12
v 13 13
v 14 14
v 15 15
v 16 16
v 17 17
v 18 18
v 19 19
v 20 20
e 19 14 0
e 19 12 1
e 19 8 1
e 19 18 1
e 19 2 0
e 19 20 0
e 19 9 0
e 19 2 0
e 19 7 0
e 19 0 0
e 19 11 0
e 19 15 0
e 19 3 0
e 19 16 0
e 19 5 0
e 19 1 0
e 19 6 0
e 19 13 0
e 19 10 1
e 19 4 1
e 19 17 0
t # 259
v 0 0
v 1 1
v 2 2
v 3 3
v 4 4
v 5 5
e 2 4 1
e 2 4 1
e 2 1 1
e 2 0 0
e 2 3 0
e 2 5 0
t # 260
v 0 0
v 1 1
e 0 1 0
t # 261
v 0 0
v 1 1
v 2 2
v 3 3
e 2 3 0
e 2 0 0
e 2 1 0
t # 262
v 0 0
v 1 1
v 2 2
v 3 3
v 4 4
v 5 5
v 6 6
v 7 7
v 8 8
v 9 9
v 10 10
e 1 9 2
e 1 8 2
e 1 8 2
e 1 8 2
e 1 8 2
e 1 8 2
e 1 8 2
e 1 6 2
e 1 5 2
e 1 5 2
e 1 5 2
e 1 5 2
e 1 5 2
e 1 5 2
e 1 7 2
e 1 7 2
e 1 7 2
e 1 10 2
e 1 0 2
e 1 0 2
e 1 0 2
e 1 4 2
e 1 4 2
e 1 4 2
e 1 4 2
e 1 4 2
e 1 4 2
e 1 2 2
e 1 3 2
t # 263
v 0 0
v 1 1
v 2 2
v 3 3
v 4 4
v 5 5
v 6 6
v 7 7
v 8 8
v 9 9
v 10 10
v 11 11
v 12 12
v 13 13
v 14 14
v 15 15
v 16 16
v 17 17
v 18 18
v 19 19
v 20 20
v 21 21
v 22 22
v 23 23
v 24 24
v 25 25
v 26 26
v 27 27
v 28 28
v 29 29
e 5 15 0
e 5 6 1
e 5 6 1
e 5 25 0
e 5 26 0
e 5 29 0
e 5 1 0
e 5 10 0
e 5 8 0
e 5 14 0
e 5 0 0
e 5 21 0
e 5 18 0
e 5 4 0
e 5 27 0
e 5 0 0
e 5 2 0
e 5 19 0
e 5 22 0
e 5 23 0
e 5 28 0
e 5 13 0
e 5 15 0
e 5 16 0
e 5 12 0
e 5 3 0
e 5 20 0
e 5 9 0
e 5 17 0
e 5 24 0
e 5 11 0
e 5 7 0
e 5 11 0
t # 264
v 0 0
v 1 1
v 2 2
v 3 3
v 4 4
v 5 5
e 1 2 0
e 1 3 0
e 1 4 0
e 1 0 0
e 1 5 0
t # 265
v 0 0
v 1 1
e 0 1 0
t # 266
v 0 0
v 1 1
e 0 1 0
t # 267
v 0 0
v 1 1
e 0 1 0
t # 268
v 0 0
v 1 1
v 2 2
v 3 3
v 4 4
v 5 5
v 6 6
e 5 1 2
e 5 2 2
e 5 4 2
e 5 6 2
e 5 3 2
e 5 0 2
t # 269
v 0 0
v 1 1
e 0 1 0
t # 270
v 0 0
v 1 1
v 2 2
v 3 3
v 4 4
v 5 5
v 6 6
v 7 7
v 8 8
v 9 9
v 10 10
v 11 11
v 12 12
v 13 13
v 14 14
v 15 15
v 16 16
v 17 17
v 18 18
v 19 19
v 20 20
v 21 21
v 22 22
v 23 23
v 24 24
v 25 25
v 26 26
e 26 5 0
e 26 24 0
e 26 18 2
e 26 16 2
e 26 12 2
e 26 21 2
e 26 4 2
e 26 19 2
e 26 13 2
e 26 10 2
e 26 0 2
e 26 20 2
e 26 17 2
e 26 22 2
e 26 7 2
e 26 25 2
e 26 8 2
e 26 2 2
e 26 1 2
e 26 14 2
e 26 15 2
e 26 6 2
e 26 11 2
e 26 23 2
e 26 3 2
e 26 9 0
t # 271
v 0 0
v 1 1
e 1 0 0
t # 272
v 0 0
v 1 1
v 2 2
v 3 3
v 4 4
v 5 5
v 6 6
v 7 7
v 8 8
v 9 9
e 4 8 0
e 4 6 0
e 4 2 0
e 4 7 0
e 4 3 0
e 4 9 0
e 4 5 0
e 4 0 0
e 4 1 0
t # 273
v 0 0
v 1 1
v 2 2
e 2 1 0
e 2 0 0
t # 274
v 0 0
v 1 1
v 2 2
v 3 3
v 4 4
v 5 5
v 6 6
v 7 7
e 1 6 0
e 1 5 0
e 1 4 0
e 1 3 0
e 1 7 0
e 1 0 0
e 1 2 0
t # 275
v 0 0
v 1 1
v 2 2
v 3 3
v 4 4
v 5 5
v 6 6
v 7 7
v 8 8
v 9 9
v 10 10
v 11 11
v 12 12
v 13 13
v 14 14
v 15 15
v 16 16
v 17 17
v 18 18
v 19 19
v 20 20
v 21 21
v 22 22
v 23 23
v 24 24
v 25 25
v 26 26
v 27 27
v 28 28
v 29 29
v 30 30
v 31 31
v 32 32
v 33 33
v 34 34
v 35 35
v 36 36
v 37 37
v 38 38
v 39 39
v 40 40
v 41 41
e 7 6 0
e 7 20 0
e 7 31 0
e 7 11 0
e 7 28 0
e 7 21 0
e 7 23 0
e 7 5 0
e 7 18 0
e 7 8 0
e 7 0 0
e 7 2 0
e 7 14 0
e 7 3 0
e 7 37 0
e 7 38 0
e 7 39 0
e 7 41 0
e 7 22 0
e 7 34 0
e 7 19 0
e 7 10 0
e 7 36 0
e 7 24 0
e 7 33 0
e 7 32 0
e 7 30 0
e 7 1 0
e 7 29 0
e 7 12 0
e 7 17 0
e 7 27 0
e 7 9 0
e 7 36 0
e 7 40 0
e 7 23 0
e 7 15 0
e 7 26 0
e 7 4 0
e 7 25 0
e 7 35 0
e 7 13 0
e 7 16 0
t # 276
v 0 0
v 1 1
e 1 0 0
t # 277
v 0 0
v 1 1
v 2 2
v 3 3
e 3 2 0
e 3 1 0
e 3 0 0
t # 278
v 0 0
v 1 1
e 0 1 0
t # 279
v 0 0
v 1 1
v 2 2
v 3 3
v 4 4
v 5 5
v 6 6
v 7 7
v 8 8
v 9 9
v 10 10
v 11 11
v 12 12
v 13 13
v 14 14
v 15 15
e 13 14 0
e 13 9 0
e 13 11 0
e 13 15 0
e 13 10 0
e 13 3 0
e 13 8 0
e 13 7 0
e 13 4 0
e 13 5 0
e 13 1 0
e 13 6 0
e 13 12 0
e 13 0 0
e 13 2 0
t # 280
v 0 0
v 1 1
e 0 1 0
t # 281
v 0 0
v 1 1
v 2 2
v 3 3
e 3 2 0
e 3 0 0
e 3 1 0
t # 282
v 0 0
v 1 1
e 1 0 0
t # 283
v 0 0
v 1 1
v 2 2
v 3 3
e 0 3 0
e 0 2 0
e 0 1 0
t # 284
v 0 0
v 1 1
v 2 2
e 1 2 0
e 1 0 0
t # 285
v 0 0
v 1 1
e 1 0 0
t # 286
v 0 0
v 1 1
v 2 2
v 3 3
v 4 4
e 4 1 0
e 4 0 0
e 4 2 1
e 4 3 1
t # 287
v 0 0
v 1 1
v 2 2
v 3 3
v 4 4
e 1 2 0
e 1 4 0
e 1 0 0
e 1 3 0
t # 288
v 0 0
v 1 1
e 1 0 0
t # 289
v 0 0
v 1 1
e 0 1 0
t # 290
v 0 0
v 1 1
v 2 2
v 3 3
v 4 4
v 5 5
e 5 2 0
e 5 4 0
e 5 0 0
e 5 3 0
e 5 1 0
t # 291
v 0 0
v 1 1
v 2 2
v 3 3
v 4 4
v 5 5
e 4 5 0
e 4 2 0
e 4 0 0
e 4 3 0
e 4 1 0
t # 292
v 0 0
v 1 1
v 2 2
e 0 2 0
e 0 1 0
t # 293
v 0 0
v 1 1
v 2 2
v 3 3
v 4 4
v 5 5
v 6 6
v 7 7
v 8 8
v 9 9
v 10 10
v 11 11
v 12 12
v 13 13
v 14 14
v 15 15
v 16 16
v 17 17
v 18 18
v 19 19
v 20 20
v 21 21
v 22 22
v 23 23
v 24 24
v 25 25
v 26 26
v 27 27
v 28 28
v 29 29
v 30 30
v 31 31
v 32 32
v 33 33
v 34 34
v 35 35
v 36 36
v 37 37
v 38 38
v 39 39
v 40 40
v 41 41
v 42 42
v 43 43
v 44 44
v 45 45
v 46 46
v 47 47
v 48 48
v 49 49
v 50 50
v 51 51
v 52 52
v 53 53
v 54 54
v 55 55
v 56 56
v 57 57
v 58 58
v 59 59
v 60 60
v 61 61
v 62 62
v 63 63
v 64 64
v 65 65
v 66 66
v 67 67
v 68 68
v 69 69
v 70 70
v 71 71
v 72 72
v 73 73
v 74 74
v 75 75
v 76 76
v 77 77
v 78 78
v 79 79
v 80 80
v 81 81
v 82 82
v 83 83
e 62 39 2
e 62 43 2
e 62 43 2
e 62 43 2
e 62 65 2
e 62 56 0
e 62 41 0
e 62 20 0
e 62 73 0
e 62 44 0
e 62 23 0
e 62 12 0
e 62 7 0
e 62 60 0
e 62 36 0
e 62 41 0
e 62 18 0
e 62 38 0
e 62 46 0
e 62 54 0
e 62 23 0
e 62 71 0
e 62 66 0
e 62 17 0
e 62 6 0
e 62 76 0
e 62 41 0
e 62 11 0
e 62 67 0
e 62 78 0
e 62 23 0
e 62 40 0
e 62 59 0
e 62 3 0
e 62 75 0
e 62 33 0
e 62 41 0
e 62 57 0
e 62 53 0
e 62 29 0
e 62 13 0
e 62 25 0
e 62 8 0
e 62 45 0
e 62 26 0
e 62 80 0
e 62 31 0
e 62 51 0
e 62 9 0
e 62 53 0
e 62 71 0
e 62 66 0
e 62 17 0
e 62 6 0
e 62 76 0
e 62 41 0
e 62 11 0
e 62 78 0
e 62 23 0
e 62 1 0
e 62 48 0
e 62 74 0
e 62 49 0
e 62 22 0
e 62 42 0
e 62 41 0
e 62 4 0
e 62 57 0
e 62 25 0
e 62 47 0
e 62 50 0
e 62 27 0
e 62 81 0
e 62 30 0
e 62 68 0
e 62 41 0
e 62 57 0
e 62 82 0
e 62 0 0
e 62 24 0
e 62 21 0
e 62 61 0
e 62 32 0
e 62 10 0
e 62 35 0
e 62 79 0
e 62 41 0
e 62 5 0
e 62 19 0
e 62 72 1
e 62 72 1
e 62 70 1
e 62 64 2
e 62 28 2
e 62 15 2
e 62 16 2
e 62 37 0
e 62 52 1
e 62 83 1
e 62 34 1
e 62 2 1
e 62 69 0
e 62 14 0
e 62 55 1
e 62 58 1
e 62 77 0
e 62 63 0
t # 294
v 0 0
v 1 1
e 0 1 0
t # 295
v 0 0
v 1 1
v 2 2
v 3 3
v 4 4
e 3 1 0
e 3 0 0
e 3 4 0
e 3 2 0
t # 296
v 0 0
v 1 1
v 2 2
e 1 0 2
e 1 2 2
e 1 2 2
t # 297
v 0 0
v 1 1
v 2 2
v 3 3
v 4 4
v 5 5
v 6 6
e 5 0 0
e 5 6 0
e 5 4 0
e 5 3 0
e 5 2 0
e 5 1 0
t # 298
v 0 0
v 1 1
e 1 0 0
t # 299
v 0 0
v 1 1
v 2 2
v 3 3
v 4 4
v 5 5
v 6 6
v 7 7
v 8 8
v 9 9
v 10 10
e 5 6 2
e 5 1 2
e 5 2 2
e 5 2 2
e 5 2 2
e 5 2 2
e 5 2 2
e 5 7 2
e 5 3 2
e 5 3 2
e 5 3 2
e 5 3 2
e 5 3 2
e 5 4 2
e 5 4 2
e 5 4 2
e 5 4 2
e 5 0 2
e 5 0 2
e 5 0 2
e 5 0 2
e 5 0 2
e 5 0 2
e 5 0 2
e 5 9 2
e 5 8 2
e 5 10 2
e 5 10 2
e 5 10 2
e 5 10 2
e 5 10 2
e 5 10 2
t # 300
v 0 0
v 1 1
v 2 2
v 3 3
v 4 4
v 5 5
v 6 6
v 7 7
v 8 8
v 9 9
e 2 5 0
e 2 1 0
e 2 3 0
e 2 7 0
e 2 8 0
e 2 4 0
e 2 9 0
e 2 6 0
e 2 0 0
t # 301
v 0 0
v 1 1
e 1 0 0
t # 302
v 0 0
v 1 1
v 2 2
v 3 3
v 4 4
v 5 5
v 6 6
v 7 7
v 8 8
v 9 9
v 10 10
v 11 11
v 12 12
v 13 13
v 14 14
v 15 15
v 16 16
v 17 17
e 11 4 0
e 11 0 0
e 11 3 0
e 11 8 0
e 11 15 0
e 11 5 0
e 11 16 0
e 11 2 0
e 11 6 0
e 11 12 0
e 11 7 0
e 11 17 1
e 11 9 1
e 11 14 1
e 11 13 1
e 11 10 0
e 11 1 0
t # 303
v 0 0
v 1 1
v 2 2
e 2 1 0
e 2 0 0
t # 304
v 0 0
v 1 1
e 0 1 0
t # 305
v 0 0
v 1 1
v 2 2
e 0 2 0
e 0 1 0
t # 306
v 0 0
v 1 1
v 2 2
e 1 2 0
e 1 0 0
t # 307
v 0 0
v 1 1
v 2 2
v 3 3
v 4 4
e 2 1 0
e 2 0 0
e 2 3 0
e 2 4 0
t # 308
v 0 0
v 1 1
e 0 1 0
t # 309
v 0 0
v 1 1
v 2 2
e 2 0 0
e 2 1 1
e 2 1 1
t # 310
v 0 0
v 1 1
v 2 2
v 3 3
e 0 3 1
e 0 1 1
e 0 2 1
t # 311
v 0 0
v 1 1
v 2 2
v 3 3
v 4 4
v 5 5
v 6 6
v 7 7
e 1 5 0
e 1 3 0
e 1 4 0
e 1 7 0
e 1 2 0
e 1 0 0
e 1 6 0
t # 312
v 0 0
v 1 1
e 1 0 0
t # 313
v 0 0
v 1 1
v 2 2
e 0 2 0
e 0 1 0
t # 314
v 0 0
v 1 1
v 2 2
e 2 1 0
e 2 0 0
t # 315
v 0 0
v 1 1
e 0 1 1
t # 316
v 0 0
v 1 1
v 2 2
v 3 3
v 4 4
v 5 5
v 6 6
v 7 7
v 8 8
v 9 9
v 10 10
v 11 11
e 0 10 2
e 0 7 2
e 0 5 2
e 0 3 2
e 0 6 2
e 0 4 2
e 0 9 2
e 0 1 2
e 0 1 2
e 0 11 2
e 0 2 2
e 0 5 1
e 0 5 1
e 0 8 1
t # 317
v 0 0
v 1 1
v 2 2
v 3 3
e 1 2 0
e 1 0 0
e 1 3 0
t # 318
v 0 0
v 1 1
e 0 1 0
t # 319
v 0 0
v 1 1
v 2 2
v 3 3
v 4 4
v 5 5
v 6 6
v 7 7
v 8 8
v 9 9
v 10 10
v 11 11
v 12 12
v 13 13
v 14 14
v 15 15
v 16 16
v 17 17
v 18 18
e 11 5 2
e 11 16 2
e 11 4 2
e 11 6 2
e 11 7 2
e 11 2 2
e 11 18 2
e 11 10 2
e 11 13 2
e 11 8 2
e 11 17 2
e 11 14 2
e 11 1 2
e 11 3 2
e 11 15 2
e 11 9 2
e 11 12 2
e 11 0 2
t # 320
v 0 0
v 1 1
e 1 0 0
t # 321
v 0 0
v 1 1
v 2 2
v 3 3
v 4 4
v 5 5
v 6 6
v 7 7
v 8 8
v 9 9
v 10 10
v 11 11
v 12 12
v 13 13
v 14 14
v 15 15
v 16 16
v 17 17
v 18 18
v 19 19
v 20 20
v 21 21
v 22 22
e 5 4 0
e 5 14 0
e 5 18 0
e 5 2 0
e 5 3 0
e 5 17 0
e 5 13 0
e 5 20 0
e 5 0 0
e 5 21 0
e 5 11 0
e 5 22 0
e 5 12 0
e 5 1 0
e 5 10 0
e 5 8 0
e 5 7 0
e 5 16 0
e 5 6 0
e 5 19 0
e 5 9 0
e 5 15 0
t # 322
v 0 0
v 1 1
e 0 1 0
t # 323
v 0 0
v 1 1
v 2 2
v 3 3
v 4 4
v 5 5
v 6 6
v 7 7
e 5 7 0
e 5 4 0
e 5 1 0
e 5 2 0
e 5 6 0
e 5 3 0
e 5 0 0
t # 324
v 0 0
v 1 1
e 1 0 0
t # 325
v 0 0
v 1 1
v 2 2
v 3 3
v 4 4
v 5 5
v 6 6
v 7 7
v 8 8
e 0 3 2
e 0 1 2
e 0 8 2
e 0 2 2
e 0 4 2
e 0 5 2
e 0 7 2
e 0 6 1
t # 326
v 0 0
v 1 1
v 2 2
v 3 3
e 2 1 1
e 2 0 1
e 2 3 0
t # 327
v 0 0
v 1 1
v 2 2
v 3 3
v 4 4
v 5 5
e 4 3 0
e 4 2 0
e 4 5 0
e 4 1 0
e 4 0 0
t # 328
v 0 0
v 1 1
e 1 0 0
t # 329
v 0 0
v 1 1
e 0 1 0
t # 330
v 0 0
v 1 1
v 2 2
v 3 3
v 4 4
v 5 5
v 6 6
v 7 7
v 8 8
v 9 9
v 10 10
v 11 11
v 12 12
v 13 13
v 14 14
v 15 15
v 16 16
v 17 17
v 18 18
v 19 19
v 20 20
v 21 21
v 22 22
v 23 23
v 24 24
v 25 25
v 26 26
v 27 27
v 28 28
v 29 29
v 30 30
v 31 31
v 32 32
v 33 33
v 34 34
v 35 35
v 36 36
v 37 37
v 38 38
v 39 39
v 40 40
v 41 41
v 42 42
v 43 43
v 44 44
v 45 45
e 19 30 0
e 19 12 2
e 19 44 2
e 19 24 2
e 19 0 2
e 19 28 2
e 19 35 2
e 19 45 2
e 19 40 2
e 19 38 2
e 19 38 2
e 19 2 2
e 19 10 2
e 19 10 2
e 19 16 2
e 19 16 2
e 19 16 2
e 19 29 2
e 19 29 2
e 19 29 2
e 19 29 2
e 19 31 2
e 19 42 2
e 19 20 2
e 19 18 2
e 19 15 2
e 19 32 2
e 19 6 2
e 19 21 2
e 19 4 0
e 19 8 0
e 19 7 0
e 19 34 0
e 19 3 0
e 19 26 0
e 19 11 2
e 19 25 2
e 19 22 2
e 19 5 2
e 19 1 2
e 19 33 2
e 19 39 2
e 19 13 2
e 19 43 2
e 19 9 2
e 19 14 2
e 19 17 2
e 19 36 2
e 19 27 0
e 19 41 0
e 19 23 0
e 19 37 0
t # 331
v 0 0
v 1 1
e 1 0 0
e 1 0 0
t # 332
v 0 0
v 1 1
v 2 2
v 3 3
e 2 3 0
e 2 0 0
e 2 1 0
t # 333
v 0 0
v 1 1
v 2 2
v 3 3
e 2 0 0
e 2 1 0
e 2 3 0
t # 334
v 0 0
v 1 1
e 0 1 0
t # 335
v 0 0
v 1 1
v 2 2
v 3 3
e 3 1 0
e 3 2 0
e 3 0 0
t # 336
v 0 0
v 1 1
v 2 2
v 3 3
v 4 4
v 5 5
v 6 6
v 7 7
v 8 8
v 9 9
v 10 10
v 11 11
v 12 12
v 13 13
v 14 14
v 15 15
v 16 16
v 17 17
v 18 18
v 19 19
e 15 12 0
e 15 0 1
e 15 11 1
e 15 6 0
e 15 5 0
e 15 4 0
e 15 2 0
e 15 18 2
e 15 18 2
e 15 18 2
e 15 18 2
e 15 3 2
e 15 3 2
e 15 13 2
e 15 13 2
e 15 13 2
e 15 13 2
e 15 11 2
e 15 11 2
e 15 9 0
e 15 7 1
e 15 16 1
e 15 14 1
e 15 1 0
e 15 17 0
e 15 8 0
e 15 19 0
e 15 10 0
t # 337
v 0 0
v 1 1
e 1 0 0
t # 338
v 0 0
v 1 1
v 2 2
v 3 3
v 4 4
v 5 5
v 6 6
v 7 7
v 8 8
v 9 9
v 10 10
v 11 11
v 12 12
v 13 13
v 14 14
v 15 15
v 16 16
e 8 5 0
e 8 15 1
e 8 13 1
e 8 16 1
e 8 2 1
e 8 9 1
e 8 11 1
e 8 10 0
e 8 7 1
e 8 3 1
e 8 4 2
e 8 12 2
e 8 6 2
e 8 0 2
e 8 1 1
e 8 14 1
t # 339
v 0 0
v 1 1
v 2 2
v 3 3
v 4 4
e 2 3 0
e 2 4 0
e 2 1 0
e 2 0 0
t # 340
v 0 0
v 1 1
v 2 2
v 3 3
e 0 2 0
e 0 3 0
e 0 1 0
t # 341
v 0 0
v 1 1
v 2 2
v 3 3
v 4 4
e 2 4 0
e 2 4 0
e 2 0 0
e 2 1 0
e 2 3 0
t # 342
v 0 0
v 1 1
e 0 1 0
t # 343
v 0 0
v 1 1
v 2 2
e 1 0 1
e 1 2 1
t # 344
v 0 0
v 1 1
v 2 2
v 3 3
v 4 4
v 5 5
v 6 6
v 7 7
e 2 6 1
e 2 5 1
e 2 3 1
e 2 0 1
e 2 7 1
e 2 1 2
e 2 4 2
t # 345
v 0 0
v 1 1
e 0 1 0
t # 346
v 0 0
v 1 1
v 2 2
v 3 3
v 4 4
e 3 0 0
e 3 4 0
e 3 2 0
e 3 1 0
t # 347
v 0 0
v 1 1
v 2 2
e 2 0 0
e 2 1 0
t # 348
v 0 0
v 1 1
v 2 2
v 3 3
v 4 4
v 5 5
v 6 6
v 7 7
v 8 8
e 0 2 0
e 0 6 0
e 0 1 0
e 0 7 0
e 0 3 0
e 0 4 0
e 0 5 0
e 0 8 0
t # 349
v 0 0
v 1 1
v 2 2
v 3 3
v 4 4
v 5 5
v 6 6
v 7 7
v 8 8
e 7 2 0
e 7 3 0
e 7 4 0
e 7 1 0
e 7 8 0
e 7 6 0
e 7 5 0
e 7 0 0
e 7 4 0
e 7 1 0
t # 350
v 0 0
v 1 1
v 2 2
e 1 0 0
e 1 2 0
e 1 0 0
t # 351
v 0 0
v 1 1
e 0 1 0
t # 352
v 0 0
v 1 1
v 2 2
e 0 1 0
e 0 2 0
t # 353
v 0 0
v 1 1
e 1 0 0
t # 354
v 0 0
v 1 1
e 1 0 0
t # 355
v 0 0
v 1 1
v 2 2
v 3 3
v 4 4
e 1 0 2
e 1 0 2
e 1 0 2
e 1 2 2
e 1 3 2
e 1 4 2
t # 356
v 0 0
v 1 1
v 2 2
v 3 3
v 4 4
v 5 5
e 0 4 1
e 0 1 1
e 0 2 1
e 0 5 0
e 0 3 0
t # 357
v 0 0
v 1 1
v 2 2
e 0 2 0
e 0 1 0
t # 358
v 0 0
v 1 1
v 2 2
v 3 3
v 4 4
v 5 5
v 6 6
v 7 7
v 8 8
v 9 9
v 10 10
v 11 11
v 12 12
v 13 13
v 14 14
v 15 15
e 4 2 0
e 4 9 0
e 4 1 0
e 4 14 0
e 4 10 0
e 4 12 0
e 4 13 0
e 4 7 1
e 4 11 1
e 4 3 0
e 4 6 0
e 4 15 0
e 4 8 0
e 4 5 0
e 4 0 0
t # 359
v 0 0
v 1 1
e 1 0 0
t # 360
v 0 0
v 1 1
e 1 0 0
t # 361
v 0 0
v 1 1
e 1 0 0
t # 362
v 0 0
v 1 1
e 1 0 0
t # 363
v 0 0
v 1 1
v 2 2
v 3 3
v 4 4
v 5 5
v 6 6
v 7 7
v 8 8
v 9 9
v 10 10
v 11 11
e 2 5 0
e 2 7 0
e 2 8 0
e 2 1 0
e 2 9 0
e 2 10 0
e 2 0 0
e 2 6 0
e 2 4 0
e 2 11 0
e 2 3 0
t # 364
v 0 0
v 1 1
v 2 2
v 3 3
v 4 4
v 5 5
e 0 3 0
e 0 5 0
e 0 1 1
e 0 2 1
e 0 4 0
t # 365
v 0 0
v 1 1
v 2 2
e 1 2 0
e 1 0 0
t # 366
v 0 0
v 1 1
e 1 0 0
t # 367
v 0 0
v 1 1
v 2 2
e 0 1 0
e 0 2 0
t # 368
v 0 0
v 1 1
v 2 2
e 1 0 0
e 1 2 0
t # 369
v 0 0
v 1 1
v 2 2
e 0 1 0
e 0 2 0
t # 370
v 0 0
v 1 1
e 0 1 0
t # 371
v 0 0
v 1 1
v 2 2
v 3 3
e 0 2 0
e 0 3 1
e 0 1 1
t # 372
v 0 0
v 1 1
v 2 2
e 1 0 1
e 1 2 1
t # 373
v 0 0
v 1 1
e 1 0 0
t # 374
v 0 0
v 1 1
e 1 0 0
t # 375
v 0 0
v 1 1
v 2 2
v 3 3
v 4 4
v 5 5
v 6 6
v 7 7
v 8 8
v 9 9
v 10 10
v 11 11
v 12 12
v 13 13
v 14 14
v 15 15
v 16 16
v 17 17
v 18 18
v 19 19
v 20 20
e 12 17 0
e 12 0 0
e 12 1 0
e 12 18 0
e 12 20 0
e 12 7 0
e 12 5 0
e 12 2 0
e 12 10 0
e 12 4 0
e 12 15 0
e 12 19 0
e 12 11 0
e 12 6 0
e 12 8 0
e 12 14 0
e 12 13 0
e 12 3 0
e 12 9 0
e 12 16 0
t # 376
v 0 0
v 1 1
v 2 2
v 3 3
v 4 4
v 5 5
v 6 6
v 7 7
v 8 8
v 9 9
v 10 10
v 11 11
v 12 12
v 13 13
v 14 14
v 15 15
v 16 16
v 17 17
v 18 18
v 19 19
v 20 20
v 21 21
v 22 22
v 23 23
v 24 24
v 25 25
v 26 26
v 27 27
v 28 28
v 29 29
v 30 30
e 13 19 0
e 13 0 0
e 13 22 1
e 13 22 1
e 13 18 0
e 13 5 0
e 13 23 0
e 13 8 0
e 13 30 1
e 13 14 0
e 13 12 0
e 13 15 0
e 13 17 0
e 13 4 0
e 13 28 0
e 13 11 0
e 13 20 2
e 13 26 2
e 13 16 2
e 13 21 2
e 13 29 2
e 13 9 2
e 13 24 2
e 13 10 2
e 13 7 2
e 13 25 2
e 13 27 0
e 13 3 0
e 13 6 0
e 13 2 0
e 13 1 0
t # 377
v 0 0
v 1 1
v 2 2
v 3 3
v 4 4
v 5 5
e 5 2 0
e 5 4 0
e 5 1 0
e 5 3 0
e 5 0 0
t # 378
v 0 0
v 1 1
v 2 2
v 3 3
e 3 1 0
e 3 0 0
e 3 2 0
t # 379
v 0 0
v 1 1
e 1 0 0
t # 380
v 0 0
v 1 1
v 2 2
e 0 2 0
e 0 1 0
t # 381
v 0 0
v 1 1
v 2 2
e 2 1 0
e 2 0 0
t # 382
v 0 0
v 1 1
v 2 2
v 3 3
e 1 2 0
e 1 3 0
e 1 0 0
t # 383
v 0 0
v 1 1
v 2 2
v 3 3
v 4 4
v 5 5
v 6 6
v 7 7
v 8 8
v 9 9
v 10 10
v 11 11
e 0 5 0
e 0 3 0
e 0 4 0
e 0 1 0
e 0 7 0
e 0 11 0
e 0 9 0
e 0 8 0
e 0 2 0
e 0 6 0
e 0 10 0
t # 384
v 0 0
v 1 1
v 2 2
v 3 3
v 4 4
v 5 5
v 6 6
v 7 7
v 8 8
v 9 9
v 10 10
v 11 11
v 12 12
v 13 13
v 14 14
e 2 9 1
e 2 9 1
e 2 10 0
e 2 1 1
e 2 14 1
e 2 7 0
e 2 0 0
e 2 3 0
e 2 11 0
e 2 5 0
e 2 4 0
e 2 6 1
e 2 13 1
e 2 12 1
e 2 8 0
t # 385
v 0 0
v 1 1
e 0 1 0
t # 386
v 0 0
v 1 1
e 0 1 0
t # 387
v 0 0
v 1 1
v 2 2
v 3 3
v 4 4
v 5 5
v 6 6
v 7 7
v 8 8
e 5 8 0
e 5 2 0
e 5 4 2
e 5 0 2
e 5 6 2
e 5 3 2
e 5 1 2
e 5 7 2
t # 388
v 0 0
v 1 1
v 2 2
v 3 3
v 4 4
v 5 5
v 6 6
v 7 7
e 6 2 0
e 6 1 0
e 6 0 0
e 6 5 0
e 6 7 0
e 6 4 0
e 6 3 0
t # 389
v 0 0
v 1 1
v 2 2
v 3 3
e 2 3 0
e 2 0 0
e 2 1 0
t # 390
v 0 0
v 1 1
v 2 2
e 0 2 0
e 0 1 0
t # 391
v 0 0
v 1 1
v 2 2
v 3 3
v 4 4
v 5 5
e 0 3 0
e 0 4 0
e 0 2 0
e 0 1 0
e 0 5 0
t # 392
v 0 0
v 1 1
e 1 0 0
t # 393
v 0 0
v 1 1
e 0 1 0
t # 394
v 0 0
v 1 1
v 2 2
v 3 3
v 4 4
e 1 2 0
e 1 0 0
e 1 3 0
e 1 4 0
t # 395
v 0 0
v 1 1
v 2 2
v 3 3
v 4 4
v 5 5
v 6 6
v 7 7
v 8 8
v 9 9
v 10 10
v 11 11
e 6 2 1
e 6 2 1
e 6 8 1
e 6 8 1
e 6 4 1
e 6 11 1
e 6 7 1
e 6 7 1
e 6 9 0
e 6 5 0
e 6 10 0
e 6 1 1
e 6 0 1
e 6 0 1
e 6 3 0
t # 396
v 0 0
v 1 1
e 1 0 0
t # 397
v 0 0
v 1 1
v 2 2
e 0 2 0
e 0 1 0
t # 398
v 0 0
v 1 1
v 2 2
e 0 2 0
e 0 1 0
t # 399
v 0 0
v 1 1
v 2 2
v 3 3
v 4 4
v 5 5
e 5 1 1
e 5 4 1
e 5 2 1
e 5 3 1
e 5 0 1
t # 400
v 0 0
v 1 1
v 2 2
v 3 3
v 4 4
v 5 5
v 6 6
v 7 7
v 8 8
v 9 9
v 10 10
v 11 11
v 12 12
v 13 13
v 14 14
v 15 15
v 16 16
e 9 5 0
e 9 0 0
e 9 3 0
e 9 7 0
e 9 8 0
e 9 1 0
e 9 6 0
e 9 4 0
e 9 15 0
e 9 11 0
e 9 16 2
e 9 10 2
e 9 2 2
e 9 12 2
e 9 12 2
e 9 13 2
e 9 14 0
t # 401
v 0 0
v 1 1
v 2 2
v 3 3
v 4 4
e 4 2 0
e 4 0 0
e 4 1 0
e 4 3 0
t # 402
v 0 0
v 1 1
e 1 0 0
t # 403
v 0 0
v 1 1
e 1 0 0
t # 404
v 0 0
v 1 1
e 1 0 0
t # 405
v 0 0
v 1 1
v 2 2
v 3 3
e 2 0 0
e 2 1 0
e 2 3 0
t # 406
v 0 0
v 1 1
v 2 2
v 3 3
v 4 4
v 5 5
v 6 6
e 2 1 0
e 2 5 0
e 2 3 0
e 2 0 0
e 2 4 0
e 2 6 0
t # 407
v 0 0
v 1 1
v 2 2
v 3 3
v 4 4
v 5 5
e 5 0 2
e 5 4 2
e 5 2 2
e 5 3 2
e 5 1 2
t # 408
v 0 0
v 1 1
e 0 1 0
t # 409
v 0 0
v 1 1
e 0 1 0
t # 410
v 0 0
v 1 1
v 2 2
v 3 3
e 2 3 0
e 2 0 0
e 2 1 0
t # 411
v 0 0
v 1 1
v 2 2
e 2 0 0
e 2 1 0
t # 412
v 0 0
v 1 1
v 2 2
v 3 3
e 3 1 0
e 3 0 0
e 3 2 0
t # 413
v 0 0
v 1 1
e 1 0 0
t # 414
v 0 0
v 1 1
e 0 1 0
t # 415
v 0 0
v 1 1
v 2 2
v 3 3
e 2 1 0
e 2 1 0
e 2 3 0
e 2 0 0
e 2 0 0
t # 416
v 0 0
v 1 1
v 2 2
e 2 1 0
e 2 0 0
e 2 0 0
t # 417
v 0 0
v 1 1
v 2 2
v 3 3
v 4 4
v 5 5
v 6 6
v 7 7
v 8 8
v 9 9
v 10 10
v 11 11
v 12 12
v 13 13
v 14 14
v 15 15
v 16 16
v 17 17
v 18 18
e 4 8 0
e 4 16 0
e 4 11 0
e 4 6 0
e 4 17 0
e 4 12 0
e 4 1 0
e 4 3 0
e 4 7 0
e 4 9 0
e 4 0 0
e 4 10 0
e 4 13 0
e 4 2 0
e 4 14 0
e 4 15 0
e 4 18 0
e 4 5 0
t # 418
v 0 0
v 1 1
v 2 2
v 3 3
v 4 4
e 2 4 0
e 2 3 0
e 2 0 0
e 2 1 0
t # 419
v 0 0
v 1 1
v 2 2
v 3 3
e 2 0 0
e 2 3 0
e 2 1 0
t # 420
v 0 0
v 1 1
v 2 2
e 1 0 0
e 1 2 0
t # 421
v 0 0
v 1 1
e 1 0 0
t # 422
v 0 0
v 1 1
e 1 0 0
t # 423
v 0 0
v 1 1
e 0 1 0
t # 424
v 0 0
v 1 1
v 2 2
e 0 2 1
e 0 1 1
t # 425
v 0 0
v 1 1
e 1 0 0
t # 426
v 0 0
v 1 1
e 1 0 0
t # 427
v 0 0
v 1 1
e 0 1 0
t # 428
v 0 0
v 1 1
e 1 0 0
t # 429
v 0 0
v 1 1
e 0 1 0
t # 430
v 0 0
v 1 1
e 1 0 0
t # 431
v 0 0
v 1 1
e 1 0 0
t # 432
v 0 0
v 1 1
v 2 2
v 3 3
e 2 3 1
e 2 0 1
e 2 1 1
t # 433
v 0 0
v 1 1
e 1 0 0
t # 434
v 0 0
v 1 1
v 2 2
v 3 3
v 4 4
v 5 5
e 2 0 0
e 2 4 0
e 2 1 0
e 2 5 0
e 2 3 0
t # 435
v 0 0
v 1 1
e 0 1 0
t # 436
v 0 0
v 1 1
e 1 0 0
t # 437
v 0 0
v 1 1
v 2 2
v 3 3
v 4 4
v 5 5
v 6 6
v 7 7
v 8 8
v 9 9
v 10 10
v 11 11
v 12 12
v 13 13
v 14 14
v 15 15
v 16 16
v 17 17
v 18 18
v 19 19
v 20 20
v 21 21
e 7 20 2
e 7 20 2
e 7 20 2
e 7 16 2
e 7 16 2
e 7 16 2
e 7 5 2
e 7 5 2
e 7 6 2
e 7 6 2
e 7 6 2
e 7 18 2
e 7 8 2
e 7 20 2
e 7 20 2
e 7 3 2
e 7 11 2
e 7 9 2
e 7 9 2
e 7 9 2
e 7 9 2
e 7 17 2
e 7 1 2
e 7 13 2
e 7 13 2
e 7 13 2
e 7 13 2
e 7 8 2
e 7 8 2
e 7 8 2
e 7 8 2
e 7 8 2
e 7 19 2
e 7 19 2
e 7 19 2
e 7 19 2
e 7 14 2
e 7 15 2
e 7 15 2
e 7 15 2
e 7 15 2
e 7 15 2
e 7 21 2
e 7 2 2
e 7 0 2
e 7 9 2
e 7 9 2
e 7 9 2
e 7 9 2
e 7 12 2
e 7 12 2
e 7 12 2
e 7 12 2
e 7 12 2
e 7 8 2
e 7 20 2
e 7 20 2
e 7 20 2
e 7 20 2
e 7 19 2
e 7 19 2
e 7 4 2
e 7 4 2
e 7 4 2
e 7 4 2
e 7 4 2
e 7 12 2
e 7 12 2
e 7 12 2
e 7 12 2
e 7 1 2
e 7 1 2
e 7 1 2
e 7 1 2
e 7 1 2
e 7 10 2
e 7 15 2
e 7 15 2
e 7 15 2
e 7 15 2
e 7 15 2
e 7 5 2
e 7 5 2
e 7 5 2
e 7 5 2
e 7 5 2
t # 438
v 0 0
v 1 1
e 1 0 0
t # 439
v 0 0
v 1 1
e 0 1 0
t # 440
v 0 0
v 1 1
e 0 1 0
t # 441
v 0 0
v 1 1
e 0 1 0
t # 442
v 0 0
v 1 1
v 2 2
v 3 3
e 0 1 0
e 0 3 0
e 0 2 0
t # 443
v 0 0
v 1 1
e 1 0 0
t # 444
v 0 0
v 1 1
v 2 2
v 3 3
v 4 4
e 3 1 0
e 3 4 0
e 3 0 0
e 3 2 0
t # 445
v 0 0
v 1 1
v 2 2
v 3 3
v 4 4
v 5 5
v 6 6
v 7 7
v 8 8
v 9 9
v 10 10
v 11 11
e 0 2 0
e 0 3 0
e 0 10 0
e 0 11 0
e 0 6 0
e 0 9 0
e 0 1 0
e 0 8 0
e 0 4 0
e 0 7 0
e 0 5 0
t # 446
v 0 0
v 1 1
e 0 1 0
t # 447
v 0 0
v 1 1
e 1 0 0
t # 448
v 0 0
v 1 1
e 1 0 0
t # 449
v 0 0
v 1 1
e 1 0 0
t # 450
v 0 0
v 1 1
e 0 1 0
t # 451
v 0 0
v 1 1
v 2 2
v 3 3
e 2 0 0
e 2 1 0
e 2 3 0
t # 452
v 0 0
v 1 1
e 0 1 0
t # 453
v 0 0
v 1 1
e 1 0 0
t # 454
v 0 0
v 1 1
e 1 0 0
t # 455
v 0 0
v 1 1
v 2 2
v 3 3
e 2 0 1
e 2 1 1
e 2 3 1
t # 456
v 0 0
v 1 1
e 1 0 0
t # 457
v 0 0
v 1 1
v 2 2
v 3 3
e 2 1 0
e 2 0 0
e 2 3 0
t # 458
v 0 0
v 1 1
v 2 2
v 3 3
v 4 4
e 4 1 0
e 4 2 0
e 4 0 0
e 4 3 0
t # 459
v 0 0
v 1 1
e 1 0 0
t # 460
v 0 0
v 1 1
e 1 0 0
t # 461
v 0 0
v 1 1
e 0 1 0
t # 462
v 0 0
v 1 1
e 0 1 0
t # 463
v 0 0
v 1 1
e 1 0 0
t # 464
v 0 0
v 1 1
e 1 0 0
t # 465
v 0 0
v 1 1
e 1 0 0
t # 466
v 0 0
v 1 1
e 1 0 0
t # 467
v 0 0
v 1 1
v 2 2
v 3 3
v 4 4
e 3 2 0
e 3 0 0
e 3 1 0
e 3 4 0
t # 468
v 0 0
v 1 1
v 2 2
v 3 3
v 4 4
v 5 5
v 6 6
e 1 0 0
e 1 2 0
e 1 3 0
e 1 5 0
e 1 4 0
e 1 6 0
t # 469
v 0 0
v 1 1
v 2 2
v 3 3
v 4 4
v 5 5
v 6 6
v 7 7
v 8 8
v 9 9
v 10 10
v 11 11
e 4 10 0
e 4 9 0
e 4 8 0
e 4 11 0
e 4 2 0
e 4 7 0
e 4 3 0
e 4 0 0
e 4 5 0
e 4 1 0
e 4 6 0
t # 470
v 0 0
v 1 1
v 2 2
e 1 2 0
e 1 0 0
t # 471
v 0 0
v 1 1
v 2 2
v 3 3
e 1 2 1
e 1 0 1
e 1 3 1
t # 472
v 0 0
v 1 1
e 0 1 0
t # 473
v 0 0
v 1 1
v 2 2
v 3 3
v 4 4
v 5 5
v 6 6
v 7 7
e 7 4 0
e 7 6 0
e 7 2 0
e 7 0 0
e 7 3 0
e 7 5 0
e 7 1 0
t # 474
v 0 0
v 1 1
e 0 1 0
t # 475
v 0 0
v 1 1
e 0 1 0
t # 476
v 0 0
v 1 1
v 2 2
v 3 3
v 4 4
v 5 5
v 6 6
v 7 7
e 3 5 2
e 3 1 2
e 3 0 2
e 3 2 2
e 3 4 2
e 3 6 2
e 3 7 2
t # 477
v 0 0
v 1 1
e 1 0 0
t # 478
v 0 0
v 1 1
v 2 2
v 3 3
v 4 4
v 5 5
v 6 6
e 0 3 0
e 0 2 0
e 0 1 0
e 0 6 0
e 0 5 0
e 0 4 0
t # 479
v 0 0
v 1 1
e 1 0 0
t # 480
v 0 0
v 1 1
e 0 1 0
t # 481
v 0 0
v 1 1
e 1 0 0
t # 482
v 0 0
v 1 1
e 0 1 0
t # 483
v 0 0
v 1 1
e 1 0 0
t # 484
v 0 0
v 1 1
e 1 0 0
t # 485
v 0 0
v 1 1
e 1 0 0
t # 486
v 0 0
v 1 1
e 0 1 0
t # 487
v 0 0
v 1 1
v 2 2
e 1 0 0
e 1 2 0
t # 488
v 0 0
v 1 1
e 0 1 0
t # 489
v 0 0
v 1 1
e 0 1 1
t # 490
v 0 0
v 1 1
v 2 2
v 3 3
v 4 4
v 5 5
v 6 6
v 7 7
v 8 8
v 9 9
v 10 10
v 11 11
e 11 1 2
e 11 10 2
e 11 5 2
e 11 4 2
e 11 8 2
e 11 3 2
e 11 2 2
e 11 2 2
e 11 2 2
e 11 6 2
e 11 7 2
e 11 7 2
e 11 7 2
e 11 9 2
e 11 0 2
e 11 0 2
e 11 0 2
t # 491
v 0 0
v 1 1
v 2 2
v 3 3
v 4 4
v 5 5
e 1 2 0
e 1 0 0
e 1 3 0
e 1 4 0
e 1 5 0
e 1 0 0
t # 492
v 0 0
v 1 1
v 2 2
v 3 3
v 4 4
v 5 5
v 6 6
v 7 7
v 8 8
v 9 9
v 10 10
v 11 11
v 12 12
v 13 13
v 14 14
v 15 15
v 16 16
v 17 17
v 18 18
v 19 19
v 20 20
v 21 21
e 13 7 0
e 13 4 2
e 13 5 2
e 13 5 2
e 13 5 2
e 13 5 2
e 13 5 2
e 13 5 2
e 13 0 0
e 13 1 0
e 13 2 0
e 13 17 1
e 13 14 1
e 13 3 0
e 13 9 0
e 13 11 1
e 13 8 1
e 13 20 1
e 13 15 0
e 13 16 0
e 13 12 0
e 13 6 0
e 13 21 0
e 13 19 0
e 13 18 0
e 13 10 0
t # 493
v 0 0
v 1 1
v 2 2
e 2 0 0
e 2 1 0
t # 494
v 0 0
v 1 1
e 0 1 0
t # 495
v 0 0
v 1 1
v 2 2
v 3 3
v 4 4
v 5 5
v 6 6
v 7 7
v 8 8
v 9 9
v 10 10
v 11 11
v 12 12
v 13 13
e 7 8 1
e 7 3 1
e 7 1 1
e 7 4 1
e 7 6 1
e 7 2 1
e 7 5 0
e 7 0 1
e 7 0 1
e 7 0 1
e 7 0 1
e 7 11 1
e 7 9 1
e 7 12 1
e 7 13 1
e 7 10 1
t # 496
v 0 0
v 1 1
v 2 2
v 3 3
v 4 4
v 5 5
v 6 6
e 6 3 0
e 6 5 0
e 6 1 0
e 6 0 0
e 6 4 0
e 6 2 0
t # 497
v 0 0
v 1 1
v 2 2
v 3 3
v 4 4
v 5 5
v 6 6
v 7 7
v 8 8
e 6 2 0
e 6 8 0
e 6 3 0
e 6 0 0
e 6 4 0
e 6 5 0
e 6 7 0
e 6 1 0
t # 498
v 0 0
v 1 1
v 2 2
e 2 0 0
e 2 1 0
t # 499
v 0 0
v 1 1
e 0 1 1
e 0 1 1
t # 500
v 0 0
v 1 1
v 2 2
e 0 1 1
e 0 2 1
t # 501
v 0 0
v 1 1
v 2 2
e 0 2 0
e 0 1 0
t # 502
v 0 0
v 1 1
v 2 2
e 1 2 1
e 1 0 1
t # 503
v 0 0
v 1 1
v 2 2
v 3 3
v 4 4
v 5 5
v 6 6
v 7 7
v 8 8
v 9 9
v 10 10
v 11 11
v 12 12
v 13 13
v 14 14
v 15 15
e 1 8 0
e 1 11 0
e 1 9 0
e 1 15 0
e 1 4 0
e 1 2 0
e 1 10 0
e 1 14 0
e 1 9 0
e 1 5 0
e 1 0 0
e 1 6 0
e 1 3 0
e 1 12 0
e 1 13 0
e 1 7 0
t # 504
v 0 0
v 1 1
e 1 0 0
t # 505
v 0 0
v 1 1
v 2 2
v 3 3
e 3 1 0
e 3 0 0
e 3 2 0
t # 506
v 0 0
v 1 1
e 0 1 0
t # 507
v 0 0
v 1 1
e 0 1 0
t # 508
v 0 0
v 1 1
v 2 2
v 3 3
e 1 2 0
e 1 0 0
e 1 3 0
t # 509
v 0 0
v 1 1
v 2 2
v 3 3
e 1 2 0
e 1 3 0
e 1 2 0
e 1 0 0
t # 510
v 0 0
v 1 1
v 2 2
e 1 2 0
e 1 0 0
t # 511
v 0 0
v 1 1
v 2 2
v 3 3
v 4 4
v 5 5
v 6 6
v 7 7
v 8 8
v 9 9
v 10 10
v 11 11
v 12 12
e 5 11 0
e 5 9 0
e 5 10 2
e 5 3 2
e 5 0 2
e 5 8 2
e 5 6 2
e 5 7 2
e 5 2 0
e 5 12 0
e 5 4 0
e 5 1 0
t # 512
v 0 0
v 1 1
v 2 2
v 3 3
v 4 4
e 4 0 0
e 4 3 0
e 4 1 0
e 4 2 0
t # 513
v 0 0
v 1 1
v 2 2
e 2 1 0
e 2 0 0
t # 514
v 0 0
v 1 1
v 2 2
v 3 3
e 1 0 0
e 1 2 0
e 1 3 0
t # 515
v 0 0
v 1 1
e 1 0 0
t # 516
v 0 0
v 1 1
e 1 0 0
t # 517
v 0 0
v 1 1
v 2 2
e 2 0 0
e 2 1 1
t # 518
v 0 0
v 1 1
v 2 2
e 2 0 1
e 2 1 0
t # 519
v 0 0
v 1 1
e 0 1 0
t # 520
v 0 0
v 1 1
v 2 2
e 2 0 0
e 2 1 0
t # 521
v 0 0
v 1 1
v 2 2
v 3 3
v 4 4
v 5 5
e 2 4 0
e 2 3 0
e 2 5 0
e 2 0 0
e 2 1 0
t # 522
v 0 0
v 1 1
v 2 2
e 0 1 0
e 0 2 0
t # 523
v 0 0
v 1 1
v 2 2
v 3 3
e 1 0 0
e 1 3 0
e 1 2 0
t # 524
v 0 0
v 1 1
v 2 2
e 0 1 0
e 0 2 0
t # 525
v 0 0
v 1 1
v 2 2
e 0 1 1
e 0 2 1
t # 526
v 0 0
v 1 1
e 0 1 0
t # 527
v 0 0
v 1 1
e 0 1 0
t # 528
v 0 0
v 1 1
e 1 0 0
t # 529
v 0 0
v 1 1
e 0 1 0
t # 530
v 0 0
v 1 1
v 2 2
v 3 3
v 4 4
v 5 5
e 4 5 1
e 4 5 1
e 4 0 1
e 4 0 1
e 4 2 1
e 4 3 1
e 4 1 1
t # 531
v 0 0
v 1 1
e 1 0 0
t # 532
v 0 0
v 1 1
v 2 2
e 1 2 0
e 1 0 0
t # 533
v 0 0
v 1 1
e 0 1 0
t # 534
v 0 0
v 1 1
e 1 0 0
t # 535
v 0 0
v 1 1
v 2 2
v 3 3
v 4 4
v 5 5
v 6 6
v 7 7
v 8 8
v 9 9
v 10 10
v 11 11
v 12 12
v 13 13
v 14 14
e 12 2 1
e 12 11 1
e 12 4 1
e 12 14 1
e 12 0 1
e 12 3 1
e 12 8 1
e 12 6 1
e 12 13 1
e 12 9 1
e 12 10 2
e 12 5 2
e 12 1 2
e 12 7 2
t # 536
v 0 0
v 1 1
v 2 2
e 1 0 0
e 1 2 1
t # 537
v 0 0
v 1 1
e 1 0 0
t # 538
v 0 0
v 1 1
e 1 0 0
t # 539
v 0 0
v 1 1
e 1 0 0
t # 540
v 0 0
v 1 1
e 0 1 0
t # 541
v 0 0
v 1 1
e 0 1 0
t # 542
v 0 0
v 1 1
e 0 1 0
t # 543
v 0 0
v 1 1
v 2 2
e 2 0 0
e 2 1 0
t # 544
v 0 0
v 1 1
e 1 0 0
t # 545
v 0 0
v 1 1
e 0 1 0
t # 546
v 0 0
v 1 1
v 2 2
v 3 3
v 4 4
e 4 1 0
e 4 0 0
e 4 2 0
e 4 0 0
e 4 3 0
t # 547
v 0 0
v 1 1
v 2 2
e 1 2 1
e 1 0 1
t # 548
v 0 0
v 1 1
e 0 1 0
t # 549
v 0 0
v 1 1
v 2 2
v 3 3
e 1 2 0
e 1 0 0
e 1 3 0
t # 550
v 0 0
v 1 1
v 2 2
v 3 3
e 0 3 1
e 0 1 1
e 0 2 0
t # 551
v 0 0
v 1 1
e 0 1 0
t # 552
v 0 0
v 1 1
e 0 1 0
t # 553
v 0 0
v 1 1
e 0 1 0
t # 554
v 0 0
v 1 1
e 1 0 0
t # 555
v 0 0
v 1 1
v 2 2
v 3 3
e 0 3 0
e 0 1 0
e 0 2 0
t # 556
v 0 0
v 1 1
e 0 1 0
t # 557
v 0 0
v 1 1
e 0 1 0
t # 558
v 0 0
v 1 1
e 0 1 0
t # 559
v 0 0
v 1 1
e 0 1 0
t # 560
v 0 0
v 1 1
e 1 0 0
t # 561
v 0 0
v 1 1
v 2 2
e 2 1 1
e 2 0 1
t # 562
v 0 0
v 1 1
v 2 2
v 3 3
v 4 4
v 5 5
v 6 6
v 7 7
v 8 8
e 2 4 0
e 2 8 0
e 2 3 0
e 2 0 0
e 2 6 0
e 2 5 0
e 2 7 0
e 2 1 0
t # 563
v 0 0
v 1 1
v 2 2
e 1 2 0
e 1 0 0
t # 564
v 0 0
v 1 1
e 1 0 0
t # 565
v 0 0
v 1 1
e 0 1 0
t # 566
v 0 0
v 1 1
e 0 1 0
t # 567
v 0 0
v 1 1
v 2 2
e 2 0 1
e 2 0 1
e 2 0 1
e 2 1 0
t # 568
v 0 0
v 1 1
v 2 2
v 3 3
e 2 1 0
e 2 3 0
e 2 0 0
t # 569
v 0 0
v 1 1
v 2 2
e 0 1 0
e 0 2 0
t # 570
v 0 0
v 1 1
e 1 0 0
t # 571
v 0 0
v 1 1
e 1 0 0
t # 572
v 0 0
v 1 1
e 0 1 0
t # 573
v 0 0
v 1 1
v 2 2
e 0 2 0
e 0 1 0
t # 574
v 0 0
v 1 1
v 2 2
v 3 3
v 4 4
v 5 5
v 6 6
e 0 1 2
e 0 6 2
e 0 5 2
e 0 3 2
e 0 4 2
e 0 2 2
t # 575
v 0 0
v 1 1
e 0 1 0
t # 576
v 0 0
v 1 1
v 2 2
v 3 3
e 0 2 1
e 0 2 1
e 0 3 0
e 0 1 0
t # 577
v 0 0
v 1 1
e 0 1 0
t # 578
v 0 0
v 1 1
e 0 1 2
e 0 1 2
e 0 1 2
t # 579
v 0 0
v 1 1
v 2 2
v 3 3
v 4 4
e 1 4 0
e 1 3 0
e 1 2 0
e 1 0 0
t # 580
v 0 0
v 1 1
e 0 1 0
t # 581
v 0 0
v 1 1
v 2 2
e 2 0 1
e 2 1 1
t # 582
v 0 0
v 1 1
v 2 2
e 0 2 1
e 0 1 1
t # 583
v 0 0
v 1 1
v 2 2
v 3 3
v 4 4
v 5 5
v 6 6
v 7 7
e 0 4 0
e 0 2 0
e 0 7 0
e 0 6 0
e 0 3 0
e 0 5 0
e 0 1 0
t # 584
v 0 0
v 1 1
e 0 1 0
t # 585
v 0 0
v 1 1
e 0 1 1
t # 586
v 0 0
v 1 1
e 0 1 0
t # 587
v 0 0
v 1 1
e 1 0 0
t # 588
v 0 0
v 1 1
e 1 0 0
t # 589
v 0 0
v 1 1
e 1 0 0
t # 590
v 0 0
v 1 1
e 1 0 0
t # 591
v 0 0
v 1 1
e 0 1 0
t # 592
v 0 0
v 1 1
v 2 2
v 3 3
v 4 4
e 3 2 1
e 3 1 0
e 3 0 0
e 3 4 1
t # 593
v 0 0
v 1 1
v 2 2
v 3 3
e 3 2 1
e 3 0 1
e 3 0 1
e 3 0 1
e 3 1 1
t # 594
v 0 0
v 1 1
e 0 1 0
t # 595
v 0 0
v 1 1
e 0 1 0
t # 596
v 0 0
v 1 1
e 0 1 0
t # 597
v 0 0
v 1 1
e 0 1 0
t # 598
v 0 0
v 1 1
e 1 0 0
t # 599
v 0 0
v 1 1
e 1 0 0
t # 600
v 0 0
v 1 1
v 2 2
e 1 0 1
e 1 2 1
t # 601
v 0 0
v 1 1
v 2 2
e 0 2 0
e 0 1 0
t # 602
v 0 0
v 1 1
v 2 2
e 0 2 1
e 0 1 1
t # 603
v 0 0
v 1 1
e 0 1 0
t # 604
v 0 0
v 1 1
e 0 1 0
t # 605
v 0 0
v 1 1
v 2 2
e 1 2 0
e 1 0 0
t # 606
v 0 0
v 1 1
e 0 1 0
t # 607
v 0 0
v 1 1
e 1 0 0
t # 608
v 0 0
v 1 1
v 2 2
e 1 2 1
e 1 0 1
t # 609
v 0 0
v 1 1
e 0 1 0
t # 610
v 0 0
v 1 1
e 0 1 0
t # 611
v 0 0
v 1 1
e 1 0 0
t # 612
v 0 0
v 1 1
e 0 1 0
t # 613
v 0 0
v 1 1
v 2 2
e 1 0 2
e 1 2 2
t # 614
v 0 0
v 1 1
e 1 0 0
t # 615
v 0 0
v 1 1
e 1 0 0
t # 616
v 0 0
v 1 1
v 2 2
v 3 3
e 0 2 0
e 0 1 0
e 0 3 0
t # 617
v 0 0
v 1 1
e 0 1 1
t # 618
v 0 0
v 1 1
v 2 2
e 0 1 0
e 0 2 0
