t # 0
v 0 0
v 1 1
v 2 2
v 3 3
v 4 4
v 5 5
v 6 6
v 7 7
v 8 8
v 9 9
v 10 10
v 11 11
v 12 12
e 6 4 0
e 6 11 2
e 6 0 2
e 6 0 2
e 6 1 2
e 6 7 2
e 6 7 2
e 6 2 2
e 6 2 2
e 6 9 2
e 6 9 2
e 6 3 2
e 6 3 2
e 6 2 1
e 6 5 1
e 6 5 1
e 6 12 2
e 6 12 2
e 6 9 2
e 6 8 2
e 6 8 2
e 6 10 2
e 6 10 2
e 6 3 2
e 6 3 2
t # 1
v 0 0
v 1 1
v 2 2
v 3 3
v 4 4
v 5 5
v 6 6
e 3 5 0
e 3 6 0
e 3 2 0
e 3 0 0
e 3 1 0
e 3 4 0
t # 2
v 0 0
v 1 1
v 2 2
v 3 3
v 4 4
v 5 5
v 6 6
v 7 7
v 8 8
v 9 9
v 10 10
e 2 6 2
e 2 6 2
e 2 6 2
e 2 6 2
e 2 6 2
e 2 8 2
e 2 7 2
e 2 7 2
e 2 7 2
e 2 7 2
e 2 7 2
e 2 3 1
e 2 10 1
e 2 9 1
e 2 1 1
e 2 5 2
e 2 4 0
e 2 0 1
t # 3
v 0 0
v 1 1
v 2 2
v 3 3
v 4 4
v 5 5
v 6 6
v 7 7
v 8 8
v 9 9
v 10 10
v 11 11
v 12 12
v 13 13
v 14 14
v 15 15
v 16 16
v 17 17
v 18 18
e 18 7 1
e 18 12 0
e 18 2 1
e 18 14 0
e 18 4 0
e 18 8 0
e 18 11 0
e 18 13 0
e 18 17 0
e 18 9 0
e 18 5 0
e 18 10 0
e 18 15 0
e 18 1 0
e 18 0 0
e 18 6 1
e 18 6 1
e 18 16 1
e 18 16 1
e 18 3 0
t # 4
v 0 0
v 1 1
v 2 2
v 3 3
v 4 4
v 5 5
v 6 6
v 7 7
v 8 8
v 9 9
v 10 10
v 11 11
v 12 12
v 13 13
v 14 14
v 15 15
v 16 16
v 17 17
v 18 18
v 19 19
v 20 20
v 21 21
v 22 22
v 23 23
v 24 24
v 25 25
v 26 26
v 27 27
v 28 28
v 29 29
v 30 30
v 31 31
v 32 32
v 33 33
v 34 34
v 35 35
v 36 36
v 37 37
v 38 38
v 39 39
v 40 40
v 41 41
v 42 42
v 43 43
v 44 44
v 45 45
v 46 46
v 47 47
v 48 48
v 49 49
v 50 50
v 51 51
v 52 52
v 53 53
v 54 54
v 55 55
v 56 56
v 57 57
v 58 58
v 59 59
v 60 60
v 61 61
v 62 62
v 63 63
v 64 64
v 65 65
v 66 66
v 67 67
v 68 68
v 69 69
v 70 70
v 71 71
v 72 72
v 73 73
v 74 74
v 75 75
v 76 76
v 77 77
v 78 78
v 79 79
v 80 80
v 81 81
v 82 82
v 83 83
v 84 84
v 85 85
v 86 86
v 87 87
v 88 88
v 89 89
v 90 90
v 91 91
v 92 92
v 93 93
v 94 94
v 95 95
v 96 96
v 97 97
v 98 98
v 99 99
v 100 100
v 101 101
v 102 102
v 103 103
v 104 104
v 105 105
v 106 106
v 107 107
v 108 108
v 109 109
v 110 110
v 111 111
v 112 112
v 113 113
v 114 114
v 115 115
v 116 116
v 117 117
v 118 118
v 119 119
v 120 120
v 121 121
v 122 122
v 123 123
v 124 124
v 125 125
v 126 126
v 127 127
v 128 128
v 129 129
v 130 130
v 131 131
v 132 132
v 133 133
v 134 134
v 135 135
v 136 136
v 137 137
v 138 138
v 139 139
v 140 140
e 98 128 0
e 98 20 0
e 98 82 0
e 98 50 0
e 98 74 0
e 98 36 0
e 98 137 0
e 98 79 0
e 98 56 0
e 98 40 0
e 98 95 0
e 98 13 0
e 98 89 0
e 98 91 0
e 98 33 0
e 98 22 0
e 98 121 0
e 98 16 2
e 98 73 0
e 98 68 0
e 98 25 0
e 98 134 0
e 98 33 0
e 98 18 0
e 98 66 0
e 98 53 0
e 98 138 0
e 98 21 0
e 98 139 0
e 98 59 0
e 98 102 0
e 98 113 0
e 98 99 1
e 98 130 0
e 98 118 0
e 98 34 0
e 98 114 0
e 98 46 0
e 98 80 0
e 98 27 0
e 98 116 0
e 98 96 0
e 98 110 0
e 98 129 0
e 98 103 1
e 98 103 1
e 98 135 1
e 98 21 0
e 98 124 0
e 98 62 0
e 98 133 0
e 98 55 0
e 98 83 0
e 98 136 0
e 98 76 0
e 98 104 0
e 98 115 0
e 98 17 0
e 98 7 0
e 98 54 0
e 98 23 0
e 98 0 0
e 98 31 0
e 98 43 0
e 98 70 0
e 98 58 0
e 98 140 0
e 98 117 0
e 98 132 0
e 98 14 0
e 98 10 0
e 98 1 0
e 98 28 0
e 98 81 0
e 98 4 0
e 98 29 0
e 98 24 0
e 98 84 0
e 98 107 0
e 98 9 0
e 98 47 0
e 98 35 0
e 98 37 0
e 98 123 0
e 98 100 0
e 98 46 0
e 98 87 0
e 98 69 0
e 98 85 0
e 98 94 0
e 98 2 0
e 98 112 0
e 98 126 0
e 98 93 1
e 98 93 1
e 98 119 1
e 98 102 0
e 98 120 0
e 98 14 0
e 98 125 0
e 98 48 0
e 98 88 0
e 98 41 0
e 98 55 0
e 98 87 0
e 98 15 0
e 98 87 0
e 98 72 0
e 98 64 0
e 98 11 0
e 98 51 0
e 98 19 0
e 98 106 0
e 98 127 0
e 98 5 0
e 98 14 0
e 98 75 0
e 98 35 0
e 98 8 0
e 98 38 0
e 98 65 0
e 98 105 0
e 98 101 0
e 98 111 0
e 98 77 0
e 98 57 0
e 98 67 0
e 98 49 0
e 98 30 0
e 98 78 0
e 98 21 0
e 98 39 0
e 98 131 1
e 98 131 1
e 98 131 1
e 98 90 0
e 98 60 0
e 98 3 0
e 98 61 0
e 98 122 0
e 98 30 0
e 98 12 0
e 98 42 0
e 98 92 1
e 98 131 0
e 98 55 0
e 98 14 0
e 98 71 1
e 98 71 1
e 98 108 0
e 98 30 0
e 98 46 0
e 98 15 0
e 98 97 0
e 98 6 0
e 98 45 0
e 98 109 0
e 98 63 0
e 98 86 0
e 98 52 0
e 98 65 0
e 98 78 0
e 98 32 0
e 98 26 0
e 98 44 0
t # 5
v 0 0
v 1 1
v 2 2
v 3 3
v 4 4
v 5 5
v 6 6
v 7 7
v 8 8
v 9 9
v 10 10
v 11 11
v 12 12
v 13 13
v 14 14
v 15 15
v 16 16
v 17 17
v 18 18
v 19 19
v 20 20
v 21 21
v 22 22
v 23 23
v 24 24
v 25 25
v 26 26
v 27 27
v 28 28
v 29 29
v 30 30
v 31 31
v 32 32
v 33 33
v 34 34
v 35 35
v 36 36
v 37 37
v 38 38
v 39 39
v 40 40
v 41 41
v 42 42
v 43 43
v 44 44
v 45 45
v 46 46
v 47 47
v 48 48
v 49 49
v 50 50
v 51 51
v 52 52
v 53 53
v 54 54
v 55 55
v 56 56
e 48 49 0
e 48 52 0
e 48 46 0
e 48 55 0
e 48 39 0
e 48 45 0
e 48 42 0
e 48 56 0
e 48 27 0
e 48 27 0
e 48 33 0
e 48 18 0
e 48 51 0
e 48 25 0
e 48 23 0
e 48 6 0
e 48 41 0
e 48 9 0
e 48 53 0
e 48 27 0
e 48 36 0
e 48 20 0
e 48 1 0
e 48 34 0
e 48 47 0
e 48 2 0
e 48 10 0
e 48 3 0
e 48 50 0
e 48 7 0
e 48 11 0
e 48 4 0
e 48 31 0
e 48 29 0
e 48 38 0
e 48 0 0
e 48 37 0
e 48 24 0
e 48 17 0
e 48 44 0
e 48 8 0
e 48 16 0
e 48 14 0
e 48 35 0
e 48 15 0
e 48 19 0
e 48 13 0
e 48 5 0
e 48 30 0
e 48 40 0
e 48 21 0
e 48 26 0
e 48 54 0
e 48 12 0
e 48 43 0
e 48 28 0
e 48 32 0
e 48 22 0
t # 6
v 0 0
v 1 1
v 2 2
v 3 3
e 1 3 0
e 1 0 0
e 1 2 0
t # 7
v 0 0
v 1 1
e 1 0 0
t # 8
v 0 0
v 1 1
v 2 2
v 3 3
v 4 4
v 5 5
v 6 6
v 7 7
v 8 8
v 9 9
v 10 10
v 11 11
v 12 12
v 13 13
v 14 14
v 15 15
e 11 7 2
e 11 7 2
e 11 5 2
e 11 5 2
e 11 5 2
e 11 5 2
e 11 14 0
e 11 15 1
e 11 8 1
e 11 8 1
e 11 8 1
e 11 8 1
e 11 9 2
e 11 0 2
e 11 10 2
e 11 12 2
e 11 4 2
e 11 3 2
e 11 1 2
e 11 13 2
e 11 6 2
e 11 2 2
t # 9
v 0 0
v 1 1
v 2 2
v 3 3
v 4 4
v 5 5
v 6 6
v 7 7
v 8 8
v 9 9
v 10 10
v 11 11
v 12 12
v 13 13
v 14 14
v 15 15
v 16 16
v 17 17
v 18 18
v 19 19
v 20 20
v 21 21
v 22 22
v 23 23
v 24 24
v 25 25
v 26 26
v 27 27
v 28 28
v 29 29
v 30 30
v 31 31
v 32 32
v 33 33
v 34 34
v 35 35
v 36 36
v 37 37
v 38 38
v 39 39
v 40 40
v 41 41
v 42 42
v 43 43
v 44 44
v 45 45
v 46 46
v 47 47
v 48 48
v 49 49
v 50 50
v 51 51
v 52 52
v 53 53
v 54 54
v 55 55
v 56 56
v 57 57
v 58 58
v 59 59
v 60 60
v 61 61
v 62 62
v 63 63
v 64 64
v 65 65
v 66 66
v 67 67
v 68 68
v 69 69
v 70 70
v 71 71
v 72 72
v 73 73
v 74 74
v 75 75
v 76 76
v 77 77
v 78 78
v 79 79
v 80 80
v 81 81
v 82 82
v 83 83
v 84 84
v 85 85
v 86 86
v 87 87
v 88 88
v 89 89
v 90 90
v 91 91
v 92 92
v 93 93
v 94 94
v 95 95
v 96 96
v 97 97
v 98 98
v 99 99
v 100 100
v 101 101
v 102 102
v 103 103
v 104 104
v 105 105
v 106 106
v 107 107
v 108 108
v 109 109
v 110 110
v 111 111
v 112 112
v 113 113
v 114 114
v 115 115
v 116 116
v 117 117
v 118 118
v 119 119
v 120 120
v 121 121
v 122 122
v 123 123
v 124 124
v 125 125
v 126 126
v 127 127
v 128 128
v 129 129
v 130 130
v 131 131
v 132 132
v 133 133
v 134 134
v 135 135
v 136 136
v 137 137
v 138 138
v 139 139
v 140 140
e 102 82 1
e 102 74 1
e 102 33 0
e 102 45 0
e 102 91 0
e 102 47 0
e 102 15 0
e 102 45 0
e 102 88 1
e 102 1 1
e 102 134 0
e 102 72 0
e 102 140 0
e 102 70 0
e 102 118 0
e 102 48 0
e 102 76 0
e 102 90 0
e 102 89 0
e 102 63 0
e 102 25 0
e 102 101 0
e 102 54 0
e 102 84 0
e 102 108 0
e 102 20 0
e 102 95 0
e 102 55 0
e 102 65 0
e 102 117 0
e 102 17 0
e 102 112 0
e 102 137 0
e 102 24 0
e 102 135 0
e 102 120 0
e 102 39 0
e 102 115 0
e 102 94 0
e 102 3 0
e 102 86 0
e 102 130 0
e 102 77 0
e 102 97 0
e 102 93 0
e 102 121 0
e 102 109 2
e 102 85 2
e 102 85 2
e 102 127 2
e 102 100 2
e 102 61 0
e 102 2 0
e 102 69 0
e 102 8 0
e 102 58 0
e 102 113 0
e 102 5 0
e 102 56 0
e 102 96 0
e 102 124 0
e 102 68 0
e 102 64 0
e 102 101 0
e 102 139 0
e 102 10 0
e 102 79 0
e 102 37 0
e 102 132 0
e 102 38 0
e 102 41 0
e 102 104 0
e 102 30 0
e 102 49 0
e 102 35 0
e 102 21 0
e 102 114 0
e 102 104 0
e 102 110 0
e 102 43 0
e 102 11 0
e 102 129 0
e 102 51 0
e 102 56 0
e 102 16 0
e 102 68 0
e 102 123 2
e 102 75 2
e 102 14 2
e 102 4 2
e 102 42 2
e 102 131 2
e 102 98 2
e 102 73 2
e 102 62 2
e 102 6 2
e 102 9 0
e 102 28 0
e 102 36 0
e 102 66 0
e 102 125 0
e 102 78 0
e 102 122 0
e 102 106 0
e 102 46 0
e 102 103 0
e 102 116 0
e 102 34 0
e 102 136 0
e 102 52 0
e 102 53 0
e 102 56 0
e 102 107 0
e 102 107 0
e 102 7 0
e 102 119 0
e 102 32 0
e 102 87 0
e 102 0 0
e 102 26 0
e 102 57 0
e 102 27 0
e 102 18 1
e 102 126 1
e 102 27 0
e 102 105 0
e 102 67 0
e 102 12 0
e 102 13 0
e 102 128 0
e 102 71 0
e 102 138 0
e 102 31 0
e 102 92 0
e 102 23 0
e 102 50 0
e 102 83 0
e 102 22 0
e 102 106 0
e 102 133 1
e 102 44 1
e 102 67 0
e 102 130 0
e 102 59 0
e 102 19 0
e 102 29 0
e 102 80 0
e 102 99 0
e 102 40 0
e 102 60 0
e 102 111 1
e 102 81 0
t # 10
v 0 0
v 1 1
e 1 0 0
t # 11
v 0 0
v 1 1
v 2 2
v 3 3
v 4 4
v 5 5
v 6 6
v 7 7
v 8 8
v 9 9
v 10 10
v 11 11
v 12 12
v 13 13
v 14 14
v 15 15
v 16 16
e 13 6 0
e 13 3 0
e 13 0 0
e 13 16 0
e 13 1 1
e 13 8 1
e 13 15 0
e 13 7 0
e 13 2 0
e 13 10 0
e 13 11 0
e 13 9 0
e 13 4 0
e 13 4 0
e 13 14 0
e 13 5 0
e 13 12 0
t # 12
v 0 0
v 1 1
v 2 2
v 3 3
v 4 4
v 5 5
e 0 4 0
e 0 1 0
e 0 3 0
e 0 5 0
e 0 2 0
t # 13
v 0 0
v 1 1
v 2 2
v 3 3
v 4 4
v 5 5
v 6 6
v 7 7
v 8 8
v 9 9
v 10 10
v 11 11
v 12 12
v 13 13
v 14 14
v 15 15
v 16 16
v 17 17
v 18 18
v 19 19
v 20 20
v 21 21
v 22 22
v 23 23
v 24 24
v 25 25
v 26 26
v 27 27
v 28 28
v 29 29
v 30 30
v 31 31
v 32 32
v 33 33
v 34 34
v 35 35
v 36 36
v 37 37
v 38 38
v 39 39
e 5 26 1
e 5 37 0
e 5 21 1
e 5 21 1
e 5 21 1
e 5 7 0
e 5 13 0
e 5 15 0
e 5 14 0
e 5 33 1
e 5 31 1
e 5 6 1
e 5 24 2
e 5 39 2
e 5 38 0
e 5 36 0
e 5 27 0
e 5 24 2
e 5 9 2
e 5 1 2
e 5 25 2
e 5 0 2
e 5 19 2
e 5 16 2
e 5 34 0
e 5 32 2
e 5 28 2
e 5 3 0
e 5 11 0
e 5 4 0
e 5 20 0
e 5 22 1
e 5 29 1
e 5 12 1
e 5 8 1
e 5 8 1
e 5 17 0
e 5 10 1
e 5 23 1
e 5 23 1
e 5 23 1
e 5 23 1
e 5 18 0
e 5 30 1
e 5 35 1
e 5 35 1
e 5 2 0
t # 14
v 0 0
v 1 1
v 2 2
e 2 0 0
e 2 1 0
e 2 1 0
t # 15
v 0 0
v 1 1
e 1 0 0
t # 16
v 0 0
v 1 1
v 2 2
v 3 3
v 4 4
v 5 5
e 0 4 0
e 0 2 0
e 0 5 0
e 0 1 0
e 0 3 0
t # 17
v 0 0
v 1 1
v 2 2
v 3 3
v 4 4
v 5 5
v 6 6
v 7 7
v 8 8
v 9 9
v 10 10
v 11 11
v 12 12
v 13 13
v 14 14
v 15 15
v 16 16
v 17 17
v 18 18
v 19 19
v 20 20
v 21 21
v 22 22
v 23 23
v 24 24
v 25 25
v 26 26
v 27 27
v 28 28
v 29 29
v 30 30
v 31 31
v 32 32
v 33 33
v 34 34
v 35 35
v 36 36
v 37 37
v 38 38
v 39 39
v 40 40
v 41 41
v 42 42
v 43 43
v 44 44
v 45 45
v 46 46
v 47 47
v 48 48
v 49 49
v 50 50
v 51 51
v 52 52
v 53 53
v 54 54
v 55 55
v 56 56
v 57 57
v 58 58
v 59 59
v 60 60
v 61 61
v 62 62
v 63 63
v 64 64
v 65 65
v 66 66
v 67 67
v 68 68
v 69 69
v 70 70
e 22 4 2
e 22 8 2
e 22 26 1
e 22 26 1
e 22 57 0
e 22 48 0
e 22 2 2
e 22 52 2
e 22 70 2
e 22 18 2
e 22 41 2
e 22 69 2
e 22 30 2
e 22 64 2
e 22 64 2
e 22 64 2
e 22 51 2
e 22 51 2
e 22 51 2
e 22 51 2
e 22 53 2
e 22 61 2
e 22 61 2
e 22 59 2
e 22 31 2
e 22 39 2
e 22 38 2
e 22 25 2
e 22 25 2
e 22 25 2
e 22 25 2
e 22 25 2
e 22 12 2
e 22 0 2
e 22 63 2
e 22 5 2
e 22 5 2
e 22 1 2
e 22 13 2
e 22 13 2
e 22 13 2
e 22 13 2
e 22 13 2
e 22 52 2
e 22 64 2
e 22 64 2
e 22 64 2
e 22 51 2
e 22 51 2
e 22 36 2
e 22 36 2
e 22 53 2
e 22 53 2
e 22 53 2
e 22 53 2
e 22 27 2
e 22 28 2
e 22 40 2
e 22 58 2
e 22 5 2
e 22 5 2
e 22 17 2
e 22 17 2
e 22 66 2
e 22 42 2
e 22 42 2
e 22 54 2
e 22 54 2
e 22 54 2
e 22 6 2
e 22 6 2
e 22 25 2
e 22 23 2
e 22 43 2
e 22 65 2
e 22 7 2
e 22 14 2
e 22 67 2
e 22 3 2
e 22 45 2
e 22 32 2
e 22 44 2
e 22 15 2
e 22 46 2
e 22 35 2
e 22 9 2
e 22 55 2
e 22 29 2
e 22 20 2
e 22 16 2
e 22 10 2
e 22 24 2
e 22 47 2
e 22 19 2
e 22 56 2
e 22 21 2
e 22 11 2
e 22 60 2
e 22 49 2
e 22 68 2
e 22 34 2
e 22 37 2
e 22 33 2
e 22 62 2
e 22 50 2
t # 18
v 0 0
v 1 1
v 2 2
v 3 3
v 4 4
v 5 5
v 6 6
v 7 7
v 8 8
v 9 9
v 10 10
v 11 11
v 12 12
v 13 13
v 14 14
v 15 15
v 16 16
v 17 17
v 18 18
e 6 9 1
e 6 1 1
e 6 17 0
e 6 17 0
e 6 18 1
e 6 18 1
e 6 18 1
e 6 0 1
e 6 5 0
e 6 15 0
e 6 16 0
e 6 7 0
e 6 13 0
e 6 2 1
e 6 2 1
e 6 2 1
e 6 12 0
e 6 11 0
e 6 3 0
e 6 4 1
e 6 8 1
e 6 14 0
e 6 10 0
t # 19
v 0 0
v 1 1
v 2 2
v 3 3
v 4 4
v 5 5
v 6 6
v 7 7
v 8 8
v 9 9
v 10 10
v 11 11
v 12 12
v 13 13
v 14 14
v 15 15
v 16 16
e 10 16 2
e 10 5 0
e 10 2 1
e 10 14 1
e 10 8 2
e 10 0 2
e 10 6 2
e 10 12 2
e 10 3 2
e 10 11 2
e 10 13 2
e 10 13 2
e 10 4 2
e 10 7 2
e 10 15 2
e 10 8 0
e 10 1 1
e 10 9 1
t # 20
v 0 0
v 1 1
v 2 2
v 3 3
v 4 4
v 5 5
e 1 2 0
e 1 4 1
e 1 3 1
e 1 0 1
e 1 5 0
t # 21
v 0 0
v 1 1
v 2 2
e 2 0 0
e 2 1 0
t # 22
v 0 0
v 1 1
v 2 2
v 3 3
v 4 4
v 5 5
v 6 6
e 0 5 1
e 0 3 0
e 0 6 0
e 0 2 0
e 0 1 0
e 0 4 1
t # 23
v 0 0
v 1 1
v 2 2
v 3 3
v 4 4
v 5 5
v 6 6
v 7 7
v 8 8
v 9 9
v 10 10
v 11 11
v 12 12
v 13 13
v 14 14
v 15 15
v 16 16
v 17 17
v 18 18
v 19 19
v 20 20
v 21 21
v 22 22
v 23 23
v 24 24
v 25 25
e 0 11 0
e 0 3 2
e 0 17 0
e 0 12 1
e 0 1 1
e 0 9 1
e 0 25 0
e 0 18 1
e 0 8 1
e 0 23 1
e 0 12 1
e 0 23 1
e 0 6 1
e 0 13 1
e 0 16 1
e 0 14 2
e 0 14 2
e 0 10 2
e 0 21 2
e 0 22 2
e 0 2 2
e 0 7 2
e 0 19 2
e 0 20 0
e 0 5 1
e 0 5 1
e 0 15 1
e 0 4 0
e 0 18 0
e 0 6 0
e 0 24 1
e 0 16 1
t # 24
v 0 0
v 1 1
v 2 2
v 3 3
v 4 4
v 5 5
v 6 6
v 7 7
v 8 8
v 9 9
v 10 10
v 11 11
v 12 12
v 13 13
v 14 14
v 15 15
v 16 16
v 17 17
v 18 18
e 14 10 2
e 14 1 2
e 14 4 2
e 14 13 1
e 14 5 1
e 14 3 1
e 14 17 0
e 14 7 0
e 14 11 2
e 14 12 2
e 14 9 2
e 14 15 2
e 14 8 2
e 14 18 2
e 14 6 2
e 14 0 0
e 14 2 0
e 14 16 0
t # 25
v 0 0
v 1 1
v 2 2
v 3 3
v 4 4
v 5 5
v 6 6
v 7 7
v 8 8
e 0 2 0
e 0 8 0
e 0 4 0
e 0 3 0
e 0 6 0
e 0 5 0
e 0 7 0
e 0 1 0
t # 26
v 0 0
v 1 1
e 1 0 0
t # 27
v 0 0
v 1 1
v 2 2
e 2 1 0
e 2 0 0
t # 28
v 0 0
v 1 1
v 2 2
v 3 3
e 0 2 0
e 0 1 0
e 0 3 0
t # 29
v 0 0
v 1 1
v 2 2
v 3 3
e 3 1 0
e 3 2 1
e 3 0 1
t # 30
v 0 0
v 1 1
v 2 2
v 3 3
v 4 4
v 5 5
v 6 6
v 7 7
v 8 8
v 9 9
v 10 10
v 11 11
v 12 12
v 13 13
v 14 14
v 15 15
v 16 16
v 17 17
v 18 18
v 19 19
v 20 20
v 21 21
v 22 22
v 23 23
v 24 24
e 7 20 0
e 7 0 0
e 7 9 0
e 7 6 0
e 7 21 0
e 7 14 0
e 7 1 0
e 7 18 0
e 7 13 0
e 7 22 0
e 7 17 0
e 7 16 0
e 7 2 0
e 7 3 0
e 7 4 0
e 7 23 0
e 7 10 0
e 7 11 0
e 7 19 0
e 7 5 0
e 7 24 0
e 7 12 0
e 7 8 0
e 7 15 0
t # 31
v 0 0
v 1 1
v 2 2
e 1 2 0
e 1 0 0
t # 32
v 0 0
v 1 1
v 2 2
v 3 3
v 4 4
v 5 5
v 6 6
v 7 7
v 8 8
v 9 9
v 10 10
v 11 11
v 12 12
v 13 13
v 14 14
v 15 15
v 16 16
v 17 17
v 18 18
v 19 19
v 20 20
v 21 21
v 22 22
v 23 23
v 24 24
v 25 25
v 26 26
v 27 27
v 28 28
v 29 29
v 30 30
v 31 31
v 32 32
v 33 33
v 34 34
v 35 35
v 36 36
v 37 37
v 38 38
v 39 39
v 40 40
v 41 41
v 42 42
v 43 43
v 44 44
v 45 45
v 46 46
v 47 47
v 48 48
v 49 49
v 50 50
v 51 51
v 52 52
v 53 53
v 54 54
v 55 55
v 56 56
v 57 57
v 58 58
v 59 59
v 60 60
v 61 61
v 62 62
v 63 63
v 64 64
v 65 65
v 66 66
v 67 67
v 68 68
v 69 69
v 70 70
v 71 71
v 72 72
v 73 73
v 74 74
v 75 75
v 76 76
v 77 77
v 78 78
v 79 79
v 80 80
v 81 81
v 82 82
v 83 83
v 84 84
v 85 85
v 86 86
v 87 87
v 88 88
v 89 89
v 90 90
v 91 91
v 92 92
v 93 93
v 94 94
v 95 95
v 96 96
v 97 97
v 98 98
v 99 99
v 100 100
v 101 101
v 102 102
v 103 103
v 104 104
v 105 105
v 106 106
v 107 107
v 108 108
v 109 109
v 110 110
v 111 111
v 112 112
v 113 113
v 114 114
v 115 115
v 116 116
v 117 117
v 118 118
v 119 119
v 120 120
v 121 121
v 122 122
v 123 123
v 124 124
v 125 125
v 126 126
v 127 127
v 128 128
v 129 129
v 130 130
v 131 131
v 132 132
v 133 133
v 134 134
v 135 135
v 136 136
v 137 137
v 138 138
v 139 139
v 140 140
v 141 141
v 142 142
v 143 143
v 144 144
v 145 145
v 146 146
v 147 147
v 148 148
v 149 149
v 150 150
v 151 151
v 152 152
v 153 153
v 154 154
v 155 155
v 156 156
v 157 157
v 158 158
v 159 159
v 160 160
v 161 161
v 162 162
v 163 163
v 164 164
v 165 165
v 166 166
v 167 167
v 168 168
v 169 169
v 170 170
v 171 171
v 172 172
v 173 173
v 174 174
v 175 175
v 176 176
v 177 177
v 178 178
v 179 179
v 180 180
v 181 181
v 182 182
v 183 183
v 184 184
v 185 185
v 186 186
v 187 187
v 188 188
v 189 189
v 190 190
v 191 191
v 192 192
v 193 193
v 194 194
v 195 195
v 196 196
v 197 197
v 198 198
v 199 199
v 200 200
v 201 201
v 202 202
v 203 203
v 204 204
v 205 205
v 206 206
v 207 207
v 208 208
v 209 209
v 210 210
v 211 211
v 212 212
v 213 213
v 214 214
v 215 215
v 216 216
v 217 217
v 218 218
v 219 219
v 220 220
v 221 221
e 178 36 0
e 178 1 1
e 178 1 1
e 178 63 0
e 178 189 0
e 178 57 0
e 178 197 0
e 178 173 0
e 178 160 0
e 178 90 0
e 178 186 0
e 178 100 0
e 178 188 0
e 178 23 0
e 178 116 0
e 178 72 0
e 178 220 0
e 178 156 0
e 178 216 0
e 178 21 0
e 178 26 0
e 178 44 0
e 178 128 0
e 178 142 0
e 178 107 0
e 178 88 0
e 178 6 0
e 178 53 0
e 178 115 0
e 178 182 0
e 178 139 0
e 178 198 0
e 178 142 0
e 178 149 0
e 178 135 0
e 178 143 0
e 178 174 0
e 178 126 0
e 178 68 0
e 178 168 0
e 178 52 0
e 178 109 0
e 178 123 0
e 178 98 0
e 178 175 0
e 178 4 0
e 178 51 0
e 178 48 0
e 178 64 1
e 178 110 1
e 178 153 0
e 178 192 0
e 178 127 0
e 178 78 0
e 178 105 0
e 178 194 1
e 178 194 1
e 178 161 0
e 178 148 0
e 178 221 0
e 178 27 0
e 178 157 0
e 178 99 0
e 178 141 1
e 178 213 0
e 178 199 0
e 178 117 0
e 178 136 0
e 178 191 0
e 178 42 1
e 178 83 0
e 178 133 0
e 178 206 0
e 178 69 0
e 178 70 1
e 178 14 1
e 178 76 0
e 178 154 0
e 178 86 1
e 178 219 1
e 178 73 0
e 178 85 0
e 178 187 0
e 178 79 0
e 178 120 0
e 178 140 0
e 178 217 0
e 178 31 0
e 178 58 0
e 178 162 1
e 178 94 1
e 178 65 0
e 178 39 1
e 178 62 1
e 178 159 1
e 178 9 0
e 178 43 0
e 178 195 0
e 178 47 0
e 178 41 0
e 178 202 0
e 178 81 0
e 178 137 0
e 178 114 0
e 178 93 0
e 178 129 0
e 178 17 0
e 178 3 0
e 178 155 0
e 178 8 0
e 178 2 0
e 178 200 0
e 178 82 0
e 178 95 0
e 178 34 0
e 178 33 0
e 178 10 0
e 178 106 0
e 178 11 0
e 178 61 0
e 178 119 0
e 178 209 0
e 178 201 0
e 178 74 1
e 178 130 1
e 178 214 0
e 178 67 0
e 178 152 0
e 178 80 0
e 178 15 0
e 178 212 0
e 178 185 0
e 178 207 0
e 178 169 0
e 178 54 1
e 178 151 1
e 178 210 0
e 178 49 0
e 178 45 0
e 178 32 0
e 178 108 0
e 178 165 0
e 178 190 0
e 178 13 0
e 178 71 0
e 178 218 0
e 178 125 0
e 178 111 0
e 178 203 0
e 178 18 0
e 178 122 0
e 178 12 0
e 178 0 0
e 178 208 0
e 178 56 0
e 178 29 2
e 178 124 0
e 178 144 0
e 178 211 0
e 178 196 0
e 178 5 0
e 178 112 0
e 178 19 0
e 178 46 0
e 178 172 0
e 178 145 1
e 178 204 0
e 178 38 0
e 178 28 0
e 178 75 0
e 178 109 0
e 178 102 0
e 178 89 0
e 178 59 1
e 178 91 1
e 178 179 0
e 178 183 0
e 178 158 0
e 178 40 0
e 178 131 0
e 178 24 0
e 178 193 0
e 178 103 0
e 178 167 0
e 178 166 0
e 178 37 0
e 178 132 0
e 178 22 0
e 178 77 0
e 178 87 0
e 178 101 0
e 178 171 0
e 178 205 0
e 178 134 0
e 178 176 0
e 178 92 0
e 178 7 0
e 178 60 0
e 178 30 0
e 178 118 0
e 178 121 0
e 178 84 0
e 178 50 0
e 178 177 0
e 178 35 0
e 178 170 0
e 178 150 0
e 178 55 0
e 178 184 0
e 178 180 0
e 178 113 0
e 178 181 0
e 178 97 0
e 178 20 0
e 178 163 0
e 178 66 0
e 178 146 0
e 178 215 0
e 178 25 0
e 178 96 0
e 178 138 1
e 178 16 0
e 178 10 0
e 178 164 0
e 178 147 0
e 178 104 0
t # 33
v 0 0
v 1 1
v 2 2
v 3 3
v 4 4
v 5 5
v 6 6
v 7 7
v 8 8
v 9 9
v 10 10
v 11 11
v 12 12
v 13 13
v 14 14
v 15 15
v 16 16
e 14 11 1
e 14 4 0
e 14 7 0
e 14 15 0
e 14 1 1
e 14 16 1
e 14 9 0
e 14 2 0
e 14 12 0
e 14 2 0
e 14 3 0
e 14 5 0
e 14 0 0
e 14 6 0
e 14 13 1
e 14 13 1
e 14 13 1
e 14 13 1
e 14 10 0
e 14 8 0
t # 34
v 0 0
v 1 1
v 2 2
v 3 3
v 4 4
v 5 5
v 6 6
v 7 7
v 8 8
v 9 9
v 10 10
v 11 11
v 12 12
v 13 13
v 14 14
v 15 15
v 16 16
v 17 17
v 18 18
v 19 19
v 20 20
v 21 21
v 22 22
v 23 23
e 18 5 2
e 18 5 2
e 18 16 2
e 18 21 0
e 18 0 2
e 18 0 2
e 18 13 0
e 18 14 1
e 18 4 1
e 18 9 2
e 18 8 2
e 18 10 2
e 18 3 2
e 18 20 2
e 18 22 0
e 18 9 2
e 18 6 2
e 18 6 2
e 18 10 1
e 18 20 1
e 18 2 2
e 18 2 2
e 18 23 2
e 18 20 2
e 18 12 0
e 18 11 0
e 18 1 1
e 18 1 1
e 18 1 1
e 18 1 1
e 18 17 0
e 18 15 2
e 18 7 2
e 18 19 2
t # 35
v 0 0
v 1 1
v 2 2
v 3 3
v 4 4
v 5 5
v 6 6
v 7 7
v 8 8
v 9 9
v 10 10
v 11 11
e 8 3 0
e 8 9 0
e 8 6 0
e 8 4 0
e 8 10 0
e 8 11 0
e 8 0 0
e 8 2 0
e 8 7 0
e 8 1 0
e 8 5 0
t # 36
v 0 0
v 1 1
v 2 2
v 3 3
v 4 4
v 5 5
v 6 6
v 7 7
e 0 6 0
e 0 2 0
e 0 1 0
e 0 5 0
e 0 3 0
e 0 4 0
e 0 7 0
t # 37
v 0 0
v 1 1
v 2 2
v 3 3
v 4 4
v 5 5
v 6 6
v 7 7
v 8 8
e 8 5 0
e 8 0 0
e 8 4 0
e 8 7 0
e 8 6 0
e 8 2 0
e 8 3 0
e 8 1 0
t # 38
v 0 0
v 1 1
v 2 2
v 3 3
v 4 4
v 5 5
v 6 6
v 7 7
v 8 8
v 9 9
v 10 10
v 11 11
v 12 12
v 13 13
v 14 14
v 15 15
v 16 16
v 17 17
v 18 18
v 19 19
v 20 20
v 21 21
v 22 22
v 23 23
v 24 24
v 25 25
v 26 26
v 27 27
v 28 28
v 29 29
v 30 30
v 31 31
v 32 32
v 33 33
v 34 34
v 35 35
v 36 36
v 37 37
e 15 31 0
e 15 26 0
e 15 14 0
e 15 18 0
e 15 37 0
e 15 17 0
e 15 28 0
e 15 33 0
e 15 23 0
e 15 27 0
e 15 32 0
e 15 22 0
e 15 7 0
e 15 10 0
e 15 9 0
e 15 1 0
e 15 13 0
e 15 21 0
e 15 19 0
e 15 30 0
e 15 35 0
e 15 25 0
e 15 36 0
e 15 20 0
e 15 0 0
e 15 6 0
e 15 3 0
e 15 16 0
e 15 4 0
e 15 37 0
e 15 11 0
e 15 29 0
e 15 2 1
e 15 5 1
e 15 12 0
e 15 8 0
e 15 34 0
e 15 24 0
t # 39
v 0 0
v 1 1
v 2 2
v 3 3
v 4 4
v 5 5
v 6 6
v 7 7
v 8 8
v 9 9
v 10 10
v 11 11
v 12 12
v 13 13
v 14 14
v 15 15
v 16 16
v 17 17
v 18 18
v 19 19
v 20 20
v 21 21
v 22 22
v 23 23
v 24 24
v 25 25
v 26 26
v 27 27
v 28 28
v 29 29
v 30 30
v 31 31
v 32 32
v 33 33
v 34 34
v 35 35
v 36 36
v 37 37
v 38 38
v 39 39
v 40 40
v 41 41
v 42 42
v 43 43
v 44 44
v 45 45
v 46 46
v 47 47
v 48 48
v 49 49
v 50 50
v 51 51
v 52 52
v 53 53
v 54 54
v 55 55
v 56 56
v 57 57
v 58 58
v 59 59
v 60 60
v 61 61
v 62 62
v 63 63
v 64 64
v 65 65
v 66 66
v 67 67
v 68 68
v 69 69
v 70 70
v 71 71
v 72 72
v 73 73
v 74 74
v 75 75
v 76 76
v 77 77
v 78 78
v 79 79
v 80 80
v 81 81
v 82 82
v 83 83
v 84 84
v 85 85
v 86 86
v 87 87
v 88 88
v 89 89
v 90 90
v 91 91
e 39 37 2
e 39 24 0
e 39 91 0
e 39 19 0
e 39 63 0
e 39 74 0
e 39 8 0
e 39 84 0
e 39 22 0
e 39 53 0
e 39 71 0
e 39 7 0
e 39 83 0
e 39 15 0
e 39 0 0
e 39 72 0
e 39 1 0
e 39 70 0
e 39 51 0
e 39 80 0
e 39 82 0
e 39 20 0
e 39 31 0
e 39 25 0
e 39 21 0
e 39 29 0
e 39 89 0
e 39 4 0
e 39 17 0
e 39 5 0
e 39 66 0
e 39 41 0
e 39 32 0
e 39 46 0
e 39 34 2
e 39 67 2
e 39 57 2
e 39 68 2
e 39 58 2
e 39 18 2
e 39 86 2
e 39 23 2
e 39 59 2
e 39 64 2
e 39 69 2
e 39 11 2
e 39 79 2
e 39 76 2
e 39 45 2
e 39 56 2
e 39 48 2
e 39 75 0
e 39 44 0
e 39 65 0
e 39 12 2
e 39 14 2
e 39 87 2
e 39 36 2
e 39 62 2
e 39 28 2
e 39 88 2
e 39 50 2
e 39 6 2
e 39 2 2
e 39 9 2
e 39 3 0
e 39 43 0
e 39 47 0
e 39 16 0
e 39 10 0
e 39 54 0
e 39 81 0
e 39 77 0
e 39 27 0
e 39 38 2
e 39 33 2
e 39 49 2
e 39 78 2
e 39 13 2
e 39 42 2
e 39 35 0
e 39 26 0
e 39 61 0
e 39 52 1
e 39 85 1
e 39 30 1
e 39 60 1
e 39 73 0
e 39 40 0
e 39 55 0
e 39 90 0
t # 40
v 0 0
v 1 1
v 2 2
v 3 3
v 4 4
v 5 5
v 6 6
v 7 7
v 8 8
v 9 9
v 10 10
v 11 11
v 12 12
v 13 13
v 14 14
v 15 15
v 16 16
v 17 17
v 18 18
v 19 19
v 20 20
v 21 21
v 22 22
v 23 23
v 24 24
v 25 25
v 26 26
v 27 27
v 28 28
v 29 29
v 30 30
v 31 31
v 32 32
v 33 33
v 34 34
v 35 35
v 36 36
v 37 37
v 38 38
v 39 39
v 40 40
v 41 41
v 42 42
v 43 43
v 44 44
v 45 45
v 46 46
v 47 47
v 48 48
v 49 49
v 50 50
v 51 51
v 52 52
v 53 53
v 54 54
v 55 55
v 56 56
v 57 57
v 58 58
v 59 59
v 60 60
v 61 61
v 62 62
v 63 63
v 64 64
v 65 65
v 66 66
v 67 67
v 68 68
v 69 69
v 70 70
v 71 71
v 72 72
e 47 30 0
e 47 72 0
e 47 9 0
e 47 17 0
e 47 51 0
e 47 34 0
e 47 57 0
e 47 26 0
e 47 70 0
e 47 10 0
e 47 11 0
e 47 13 0
e 47 36 0
e 47 68 0
e 47 62 0
e 47 69 0
e 47 22 0
e 47 55 0
e 47 56 0
e 47 50 0
e 47 40 0
e 47 27 0
e 47 58 0
e 47 52 0
e 47 14 0
e 47 7 0
e 47 63 0
e 47 37 0
e 47 31 0
e 47 67 0
e 47 66 0
e 47 18 0
e 47 32 0
e 47 0 0
e 47 12 0
e 47 15 0
e 47 16 0
e 47 25 0
e 47 64 0
e 47 33 0
e 47 44 0
e 47 59 0
e 47 2 0
e 47 43 0
e 47 35 0
e 47 19 0
e 47 5 0
e 47 45 0
e 47 60 0
e 47 24 0
e 47 71 0
e 47 1 0
e 47 3 0
e 47 20 0
e 47 46 0
e 47 53 0
e 47 48 0
e 47 41 0
e 47 4 0
e 47 61 0
e 47 42 0
e 47 23 0
e 47 8 0
e 47 21 0
e 47 29 0
e 47 49 0
e 47 39 0
e 47 28 0
e 47 54 0
e 47 65 0
e 47 38 0
e 47 6 0
t # 41
v 0 0
v 1 1
v 2 2
v 3 3
v 4 4
v 5 5
v 6 6
v 7 7
v 8 8
v 9 9
v 10 10
v 11 11
v 12 12
v 13 13
v 14 14
v 15 15
v 16 16
v 17 17
v 18 18
v 19 19
v 20 20
v 21 21
v 22 22
v 23 23
v 24 24
v 25 25
v 26 26
v 27 27
v 28 28
v 29 29
v 30 30
v 31 31
v 32 32
v 33 33
v 34 34
v 35 35
v 36 36
v 37 37
v 38 38
v 39 39
v 40 40
v 41 41
v 42 42
v 43 43
v 44 44
v 45 45
v 46 46
v 47 47
v 48 48
v 49 49
v 50 50
v 51 51
v 52 52
v 53 53
v 54 54
v 55 55
v 56 56
v 57 57
v 58 58
v 59 59
v 60 60
v 61 61
v 62 62
v 63 63
v 64 64
v 65 65
v 66 66
v 67 67
v 68 68
v 69 69
v 70 70
v 71 71
v 72 72
v 73 73
v 74 74
v 75 75
v 76 76
v 77 77
v 78 78
v 79 79
v 80 80
v 81 81
v 82 82
v 83 83
e 41 4 0
e 41 66 0
e 41 28 0
e 41 12 0
e 41 63 0
e 41 14 0
e 41 16 0
e 41 58 1
e 41 75 1
e 41 46 1
e 41 82 0
e 41 31 0
e 41 48 0
e 41 42 1
e 41 1 1
e 41 34 1
e 41 30 1
e 41 32 0
e 41 11 0
e 41 44 0
e 41 26 0
e 41 29 0
e 41 13 0
e 41 72 0
e 41 3 1
e 41 3 1
e 41 81 0
e 41 74 1
e 41 79 1
e 41 22 1
e 41 23 0
e 41 59 1
e 41 54 1
e 41 78 1
e 41 33 1
e 41 21 0
e 41 62 0
e 41 24 1
e 41 43 1
e 41 73 1
e 41 53 0
e 41 27 1
e 41 15 1
e 41 69 0
e 41 71 0
e 41 38 0
e 41 10 0
e 41 80 0
e 41 36 0
e 41 19 2
e 41 56 0
e 41 39 0
e 41 25 0
e 41 0 0
e 41 7 0
e 41 70 0
e 41 52 0
e 41 55 1
e 41 9 1
e 41 76 1
e 41 47 0
e 41 67 0
e 41 49 0
e 41 35 0
e 41 64 1
e 41 57 1
e 41 50 1
e 41 2 1
e 41 2 1
e 41 83 1
e 41 6 1
e 41 17 1
e 41 37 0
e 41 68 0
e 41 40 0
e 41 51 0
e 41 77 0
e 41 18 0
e 41 5 0
e 41 8 0
e 41 60 0
e 41 45 0
e 41 61 1
e 41 20 1
e 41 65 1
t # 42
v 0 0
v 1 1
v 2 2
v 3 3
v 4 4
e 3 4 0
e 3 2 0
e 3 0 0
e 3 1 0
t # 43
v 0 0
v 1 1
v 2 2
v 3 3
v 4 4
v 5 5
v 6 6
v 7 7
v 8 8
v 9 9
v 10 10
v 11 11
v 12 12
v 13 13
v 14 14
v 15 15
v 16 16
v 17 17
v 18 18
v 19 19
v 20 20
v 21 21
v 22 22
v 23 23
v 24 24
v 25 25
v 26 26
v 27 27
v 28 28
v 29 29
v 30 30
v 31 31
v 32 32
v 33 33
v 34 34
v 35 35
v 36 36
v 37 37
v 38 38
v 39 39
v 40 40
v 41 41
v 42 42
v 43 43
v 44 44
v 45 45
v 46 46
v 47 47
v 48 48
v 49 49
v 50 50
v 51 51
v 52 52
v 53 53
v 54 54
v 55 55
v 56 56
v 57 57
v 58 58
v 59 59
v 60 60
v 61 61
v 62 62
v 63 63
v 64 64
v 65 65
v 66 66
v 67 67
v 68 68
v 69 69
v 70 70
v 71 71
v 72 72
v 73 73
v 74 74
v 75 75
v 76 76
v 77 77
v 78 78
v 79 79
v 80 80
v 81 81
v 82 82
v 83 83
v 84 84
v 85 85
v 86 86
v 87 87
v 88 88
v 89 89
v 90 90
v 91 91
v 92 92
v 93 93
v 94 94
v 95 95
v 96 96
v 97 97
v 98 98
v 99 99
v 100 100
v 101 101
v 102 102
v 103 103
v 104 104
v 105 105
v 106 106
v 107 107
v 108 108
v 109 109
v 110 110
v 111 111
v 112 112
v 113 113
v 114 114
v 115 115
v 116 116
v 117 117
v 118 118
v 119 119
v 120 120
v 121 121
v 122 122
v 123 123
v 124 124
v 125 125
v 126 126
v 127 127
v 128 128
v 129 129
v 130 130
v 131 131
v 132 132
v 133 133
v 134 134
v 135 135
v 136 136
v 137 137
v 138 138
v 139 139
v 140 140
v 141 141
v 142 142
v 143 143
v 144 144
v 145 145
v 146 146
v 147 147
v 148 148
v 149 149
v 150 150
v 151 151
v 152 152
v 153 153
v 154 154
v 155 155
v 156 156
v 157 157
v 158 158
v 159 159
v 160 160
v 161 161
v 162 162
v 163 163
v 164 164
v 165 165
v 166 166
v 167 167
v 168 168
v 169 169
v 170 170
v 171 171
v 172 172
v 173 173
v 174 174
v 175 175
v 176 176
v 177 177
v 178 178
v 179 179
v 180 180
v 181 181
v 182 182
v 183 183
v 184 184
v 185 185
v 186 186
v 187 187
v 188 188
v 189 189
v 190 190
v 191 191
v 192 192
v 193 193
v 194 194
v 195 195
v 196 196
v 197 197
v 198 198
v 199 199
v 200 200
v 201 201
v 202 202
v 203 203
v 204 204
v 205 205
v 206 206
v 207 207
v 208 208
v 209 209
v 210 210
v 211 211
v 212 212
v 213 213
v 214 214
v 215 215
v 216 216
v 217 217
v 218 218
v 219 219
v 220 220
v 221 221
v 222 222
v 223 223
v 224 224
v 225 225
v 226 226
v 227 227
v 228 228
v 229 229
v 230 230
v 231 231
v 232 232
v 233 233
v 234 234
v 235 235
v 236 236
v 237 237
v 238 238
v 239 239
v 240 240
v 241 241
v 242 242
v 243 243
v 244 244
v 245 245
v 246 246
v 247 247
v 248 248
v 249 249
v 250 250
v 251 251
v 252 252
v 253 253
v 254 254
v 255 255
v 256 256
v 257 257
v 258 258
v 259 259
v 260 260
v 261 261
v 262 262
v 263 263
v 264 264
v 265 265
v 266 266
v 267 267
v 268 268
v 269 269
v 270 270
v 271 271
v 272 272
v 273 273
v 274 274
v 275 275
v 276 276
v 277 277
v 278 278
v 279 279
v 280 280
v 281 281
v 282 282
v 283 283
v 284 284
v 285 285
v 286 286
v 287 287
v 288 288
v 289 289
v 290 290
v 291 291
v 292 292
v 293 293
v 294 294
v 295 295
v 296 296
v 297 297
v 298 298
v 299 299
v 300 300
v 301 301
v 302 302
v 303 303
v 304 304
v 305 305
v 306 306
v 307 307
v 308 308
v 309 309
v 310 310
v 311 311
v 312 312
v 313 313
v 314 314
v 315 315
v 316 316
v 317 317
v 318 318
v 319 319
v 320 320
v 321 321
v 322 322
v 323 323
v 324 324
v 325 325
v 326 326
v 327 327
v 328 328
v 329 329
v 330 330
v 331 331
v 332 332
v 333 333
v 334 334
v 335 335
v 336 336
e 274 295 0
e 274 179 0
e 274 201 0
e 274 217 0
e 274 7 1
e 274 84 1
e 274 200 1
e 274 215 1
e 274 64 1
e 274 246 1
e 274 246 1
e 274 184 0
e 274 268 0
e 274 144 1
e 274 290 1
e 274 305 0
e 274 185 1
e 274 3 1
e 274 121 1
e 274 62 0
e 274 190 0
e 274 283 0
e 274 238 0
e 274 74 0
e 274 222 0
e 274 118 0
e 274 300 0
e 274 329 0
e 274 93 0
e 274 112 0
e 274 236 0
e 274 189 1
e 274 189 1
e 274 180 0
e 274 279 0
e 274 8 0
e 274 12 0
e 274 184 0
e 274 236 0
e 274 179 1
e 274 126 1
e 274 15 0
e 274 304 0
e 274 203 0
e 274 316 1
e 274 316 1
e 274 35 0
e 274 278 1
e 274 186 0
e 274 326 0
e 274 209 1
e 274 209 1
e 274 135 0
e 274 77 0
e 274 91 1
e 274 91 1
e 274 86 1
e 274 277 1
e 274 135 1
e 274 152 1
e 274 8 0
e 274 74 0
e 274 41 0
e 274 172 0
e 274 169 0
e 274 18 0
e 274 138 0
e 274 28 0
e 274 335 0
e 274 302 0
e 274 16 0
e 274 278 0
e 274 66 0
e 274 108 0
e 274 42 0
e 274 201 0
e 274 111 0
e 274 33 0
e 274 148 0
e 274 320 1
e 274 311 1
e 274 221 0
e 274 334 0
e 274 196 0
e 274 16 0
e 274 336 0
e 274 72 0
e 274 105 0
e 274 269 0
e 274 205 0
e 274 278 0
e 274 252 0
e 274 221 0
e 274 248 0
e 274 316 0
e 274 237 0
e 274 312 0
e 274 220 0
e 274 335 0
e 274 321 0
e 274 128 1
e 274 107 1
e 274 335 1
e 274 140 1
e 274 26 0
e 274 229 0
e 274 130 0
e 274 70 0
e 274 110 0
e 274 285 0
e 274 217 0
e 274 163 1
e 274 101 1
e 274 170 0
e 274 202 0
e 274 44 0
e 274 142 0
e 274 62 0
e 274 316 0
e 274 38 1
e 274 133 1
e 274 43 0
e 274 75 0
e 274 313 0
e 274 283 0
e 274 29 0
e 274 188 0
e 274 251 0
e 274 291 0
e 274 71 0
e 274 221 0
e 274 278 0
e 274 308 0
e 274 165 0
e 274 117 0
e 274 28 0
e 274 58 0
e 274 141 0
e 274 144 0
e 274 167 0
e 274 116 1
e 274 296 1
e 274 242 0
e 274 81 0
e 274 82 0
e 274 86 0
e 274 3 0
e 274 46 0
e 274 90 0
e 274 298 0
e 274 267 0
e 274 136 0
e 274 319 0
e 274 271 0
e 274 136 0
e 274 206 0
e 274 143 0
e 274 213 0
e 274 256 0
e 274 230 0
e 274 164 0
e 274 67 0
e 274 325 0
e 274 288 0
e 274 100 0
e 274 147 0
e 274 159 0
e 274 121 0
e 274 80 0
e 274 250 0
e 274 174 1
e 274 174 1
e 274 174 1
e 274 282 1
e 274 263 0
e 274 243 0
e 274 57 0
e 274 325 1
e 274 244 1
e 274 24 1
e 274 78 1
e 274 254 1
e 274 43 0
e 274 54 0
e 274 332 0
e 274 278 1
e 274 278 1
e 274 155 0
e 274 223 0
e 274 19 0
e 274 108 0
e 274 25 0
e 274 96 0
e 274 177 0
e 274 261 1
e 274 11 1
e 274 11 1
e 274 195 0
e 274 236 0
e 274 284 0
e 274 193 0
e 274 260 0
e 274 21 0
e 274 97 0
e 274 278 0
e 274 273 0
e 274 278 0
e 274 9 0
e 274 129 0
e 274 137 0
e 274 95 0
e 274 270 1
e 274 22 0
e 274 247 0
e 274 236 0
e 274 10 0
e 274 278 0
e 274 91 0
e 274 91 0
e 274 176 0
e 274 63 0
e 274 177 0
e 274 315 0
e 274 97 0
e 274 261 0
e 274 310 0
e 274 158 1
e 274 158 1
e 274 239 1
e 274 226 0
e 274 48 0
e 274 46 0
e 274 1 1
e 274 233 1
e 274 294 0
e 274 53 0
e 274 4 0
e 274 94 0
e 274 57 0
e 274 37 0
e 274 49 0
e 274 245 0
e 274 322 0
e 274 20 0
e 274 267 0
e 274 297 0
e 274 212 0
e 274 108 0
e 274 249 0
e 274 251 0
e 274 151 0
e 274 325 0
e 274 155 0
e 274 39 0
e 274 131 0
e 274 208 0
e 274 178 0
e 274 183 1
e 274 259 0
e 274 149 0
e 274 67 0
e 274 0 0
e 274 154 0
e 274 47 0
e 274 289 0
e 274 145 0
e 274 83 0
e 274 6 0
e 274 192 0
e 274 155 0
e 274 257 0
e 274 177 1
e 274 146 0
e 274 207 0
e 274 331 0
e 274 306 0
e 274 225 0
e 274 177 0
e 274 243 0
e 274 108 0
e 274 13 0
e 274 286 0
e 274 266 0
e 274 292 0
e 274 31 0
e 274 122 1
e 274 45 1
e 274 106 0
e 274 204 0
e 274 147 0
e 274 260 0
e 274 275 0
e 274 160 0
e 274 210 0
e 274 166 0
e 274 216 0
e 274 264 0
e 274 97 0
e 274 327 0
e 274 241 0
e 274 265 0
e 274 16 0
e 274 262 0
e 274 34 0
e 274 60 0
e 274 319 0
e 274 177 0
e 274 324 0
e 274 27 0
e 274 192 0
e 274 258 0
e 274 182 0
e 274 92 0
e 274 120 0
e 274 78 0
e 274 40 0
e 274 17 0
e 274 99 0
e 274 98 0
e 274 181 0
e 274 201 0
e 274 23 0
e 274 177 0
e 274 234 0
e 274 102 0
e 274 196 0
e 274 333 0
e 274 146 0
e 274 228 0
e 274 237 0
e 274 52 0
e 274 155 0
e 274 132 0
e 274 113 0
e 274 161 0
e 274 292 0
e 274 267 0
e 274 307 0
e 274 281 0
e 274 232 0
e 274 309 0
e 274 319 0
e 274 260 0
e 274 317 0
e 274 89 0
e 274 187 0
e 274 103 0
e 274 88 0
e 274 250 0
e 274 280 0
e 274 51 0
e 274 227 0
e 274 218 0
e 274 134 0
e 274 303 0
e 274 255 0
e 274 69 0
e 274 139 0
e 274 194 1
e 274 198 1
e 274 119 0
e 274 156 0
e 274 323 0
e 274 168 0
e 274 171 0
e 274 191 0
e 274 5 0
e 274 87 0
e 274 73 0
e 274 32 0
e 274 157 0
e 274 299 0
e 274 231 0
e 274 50 0
e 274 224 0
e 274 76 0
e 274 104 0
e 274 150 0
e 274 2 0
e 274 109 0
e 274 115 0
e 274 211 0
e 274 328 0
e 274 123 0
e 274 214 0
e 274 293 0
e 274 85 1
e 274 56 1
e 274 36 0
e 274 276 0
e 274 153 0
e 274 314 0
e 274 14 0
e 274 219 0
e 274 235 1
e 274 59 1
e 274 197 0
e 274 272 0
e 274 301 0
e 274 124 0
e 274 125 0
e 274 68 0
e 274 162 0
e 274 114 0
e 274 175 1
e 274 55 1
e 274 65 0
e 274 287 0
e 274 240 0
e 274 30 0
e 274 199 0
e 274 127 0
e 274 61 0
e 274 253 0
e 274 173 1
e 274 79 1
e 274 330 0
e 274 318 0
t # 44
v 0 0
v 1 1
v 2 2
v 3 3
v 4 4
v 5 5
v 6 6
v 7 7
v 8 8
v 9 9
v 10 10
v 11 11
v 12 12
v 13 13
e 5 3 0
e 5 12 0
e 5 6 0
e 5 1 0
e 5 11 0
e 5 7 0
e 5 8 0
e 5 9 0
e 5 4 0
e 5 10 2
e 5 0 2
e 5 2 2
e 5 13 0
t # 45
v 0 0
v 1 1
v 2 2
e 2 1 1
e 2 0 1
t # 46
v 0 0
v 1 1
v 2 2
v 3 3
e 3 0 0
e 3 1 0
e 3 2 0
t # 47
v 0 0
v 1 1
v 2 2
v 3 3
v 4 4
v 5 5
v 6 6
v 7 7
v 8 8
v 9 9
v 10 10
v 11 11
v 12 12
v 13 13
v 14 14
v 15 15
v 16 16
v 17 17
v 18 18
e 6 9 0
e 6 12 0
e 6 3 0
e 6 14 0
e 6 4 0
e 6 10 0
e 6 15 0
e 6 18 0
e 6 7 0
e 6 9 0
e 6 8 0
e 6 11 0
e 6 0 0
e 6 16 0
e 6 13 0
e 6 1 0
e 6 2 0
e 6 17 0
e 6 5 0
t # 48
v 0 0
v 1 1
v 2 2
v 3 3
v 4 4
v 5 5
v 6 6
v 7 7
v 8 8
v 9 9
v 10 10
v 11 11
v 12 12
v 13 13
v 14 14
v 15 15
v 16 16
v 17 17
v 18 18
v 19 19
v 20 20
v 21 21
v 22 22
v 23 23
v 24 24
v 25 25
v 26 26
v 27 27
v 28 28
v 29 29
v 30 30
v 31 31
v 32 32
v 33 33
v 34 34
v 35 35
v 36 36
v 37 37
v 38 38
v 39 39
v 40 40
v 41 41
v 42 42
v 43 43
v 44 44
v 45 45
v 46 46
v 47 47
v 48 48
v 49 49
v 50 50
v 51 51
v 52 52
v 53 53
v 54 54
v 55 55
v 56 56
v 57 57
v 58 58
v 59 59
e 33 47 0
e 33 10 0
e 33 0 0
e 33 23 0
e 33 3 0
e 33 17 0
e 33 20 0
e 33 44 1
e 33 50 1
e 33 59 1
e 33 8 1
e 33 43 1
e 33 9 1
e 33 46 0
e 33 41 0
e 33 45 1
e 33 15 1
e 33 31 0
e 33 28 0
e 33 26 1
e 33 53 1
e 33 35 1
e 33 11 1
e 33 25 0
e 33 2 1
e 33 32 1
e 33 49 0
e 33 1 2
e 33 29 2
e 33 36 2
e 33 40 2
e 33 40 2
e 33 24 2
e 33 57 0
e 33 4 2
e 33 55 2
e 33 12 2
e 33 37 0
e 33 54 0
e 33 5 1
e 33 34 1
e 33 18 1
e 33 38 1
e 33 27 1
e 33 13 1
e 33 51 0
e 33 21 0
e 33 55 2
e 33 22 2
e 33 12 2
e 33 6 0
e 33 40 1
e 33 16 1
e 33 22 1
e 33 14 1
e 33 7 0
e 33 24 1
e 33 24 1
e 33 39 1
e 33 52 1
e 33 56 1
e 33 48 1
e 33 58 0
e 33 19 1
e 33 30 1
e 33 14 1
e 33 42 1
e 33 42 1
t # 49
v 0 0
v 1 1
v 2 2
e 2 0 0
e 2 1 0
t # 50
v 0 0
v 1 1
e 1 0 0
t # 51
v 0 0
v 1 1
v 2 2
v 3 3
v 4 4
v 5 5
v 6 6
v 7 7
v 8 8
v 9 9
v 10 10
v 11 11
v 12 12
v 13 13
v 14 14
v 15 15
v 16 16
v 17 17
v 18 18
v 19 19
v 20 20
v 21 21
v 22 22
v 23 23
v 24 24
v 25 25
v 26 26
e 0 15 0
e 0 20 0
e 0 24 0
e 0 2 0
e 0 4 0
e 0 19 0
e 0 26 0
e 0 21 0
e 0 5 0
e 0 3 0
e 0 10 0
e 0 13 0
e 0 11 0
e 0 1 0
e 0 8 0
e 0 11 0
e 0 25 0
e 0 12 1
e 0 12 1
e 0 6 0
e 0 16 0
e 0 3 0
e 0 18 0
e 0 20 0
e 0 17 0
e 0 22 0
e 0 14 0
e 0 7 0
e 0 9 0
e 0 23 0
t # 52
v 0 0
v 1 1
v 2 2
v 3 3
v 4 4
v 5 5
v 6 6
e 6 0 0
e 6 4 0
e 6 5 0
e 6 2 0
e 6 1 0
e 6 3 0
t # 53
v 0 0
v 1 1
v 2 2
v 3 3
v 4 4
v 5 5
v 6 6
v 7 7
v 8 8
v 9 9
v 10 10
v 11 11
v 12 12
v 13 13
v 14 14
v 15 15
v 16 16
v 17 17
v 18 18
v 19 19
v 20 20
v 21 21
v 22 22
v 23 23
v 24 24
v 25 25
v 26 26
v 27 27
v 28 28
v 29 29
v 30 30
v 31 31
v 32 32
v 33 33
v 34 34
v 35 35
v 36 36
v 37 37
v 38 38
v 39 39
v 40 40
v 41 41
v 42 42
v 43 43
v 44 44
v 45 45
v 46 46
v 47 47
v 48 48
v 49 49
v 50 50
v 51 51
v 52 52
v 53 53
v 54 54
v 55 55
v 56 56
v 57 57
v 58 58
v 59 59
v 60 60
v 61 61
v 62 62
v 63 63
v 64 64
v 65 65
v 66 66
v 67 67
v 68 68
v 69 69
v 70 70
v 71 71
v 72 72
v 73 73
v 74 74
v 75 75
v 76 76
v 77 77
v 78 78
e 8 41 2
e 8 23 2
e 8 51 2
e 8 31 2
e 8 31 2
e 8 31 2
e 8 31 2
e 8 30 0
e 8 12 0
e 8 22 0
e 8 48 0
e 8 14 0
e 8 24 0
e 8 19 0
e 8 15 0
e 8 16 0
e 8 36 0
e 8 65 1
e 8 65 1
e 8 27 1
e 8 27 1
e 8 18 1
e 8 18 1
e 8 71 0
e 8 28 0
e 8 34 0
e 8 40 0
e 8 6 0
e 8 74 0
e 8 57 0
e 8 49 1
e 8 49 1
e 8 10 0
e 8 25 0
e 8 2 1
e 8 2 1
e 8 2 1
e 8 70 1
e 8 70 1
e 8 70 1
e 8 34 0
e 8 29 0
e 8 42 0
e 8 61 0
e 8 5 0
e 8 45 0
e 8 1 0
e 8 11 0
e 8 43 0
e 8 37 0
e 8 77 1
e 8 77 1
e 8 77 1
e 8 67 0
e 8 68 0
e 8 78 0
e 8 59 0
e 8 33 0
e 8 3 0
e 8 32 0
e 8 53 0
e 8 17 0
e 8 58 0
e 8 56 0
e 8 21 0
e 8 54 0
e 8 7 0
e 8 66 0
e 8 9 0
e 8 60 0
e 8 73 0
e 8 52 0
e 8 46 0
e 8 55 0
e 8 35 0
e 8 64 0
e 8 13 0
e 8 39 0
e 8 26 0
e 8 0 0
e 8 63 0
e 8 44 0
e 8 4 0
e 8 50 0
e 8 72 0
e 8 75 0
e 8 38 0
e 8 62 0
e 8 20 0
e 8 69 0
e 8 76 0
e 8 47 0
t # 54
v 0 0
v 1 1
v 2 2
v 3 3
v 4 4
v 5 5
v 6 6
v 7 7
v 8 8
v 9 9
v 10 10
v 11 11
v 12 12
e 0 10 0
e 0 9 0
e 0 6 0
e 0 1 0
e 0 8 0
e 0 2 0
e 0 3 0
e 0 4 0
e 0 12 0
e 0 11 0
e 0 5 0
e 0 7 0
t # 55
v 0 0
v 1 1
e 1 0 0
t # 56
v 0 0
v 1 1
v 2 2
v 3 3
e 1 0 0
e 1 3 0
e 1 2 0
t # 57
v 0 0
v 1 1
v 2 2
v 3 3
e 1 3 0
e 1 2 0
e 1 0 0
t # 58
v 0 0
v 1 1
v 2 2
v 3 3
v 4 4
v 5 5
v 6 6
e 6 0 0
e 6 2 0
e 6 3 0
e 6 5 0
e 6 1 0
e 6 4 0
t # 59
v 0 0
v 1 1
v 2 2
v 3 3
e 3 2 1
e 3 0 1
e 3 1 1
t # 60
v 0 0
v 1 1
v 2 2
v 3 3
v 4 4
v 5 5
e 4 1 0
e 4 5 1
e 4 2 1
e 4 3 1
e 4 0 1
t # 61
v 0 0
v 1 1
v 2 2
e 1 2 0
e 1 0 0
t # 62
v 0 0
v 1 1
v 2 2
v 3 3
v 4 4
v 5 5
v 6 6
v 7 7
e 5 1 0
e 5 0 0
e 5 6 0
e 5 7 2
e 5 7 2
e 5 7 2
e 5 7 2
e 5 7 2
e 5 2 2
e 5 3 2
e 5 4 2
t # 63
v 0 0
v 1 1
e 1 0 0
t # 64
v 0 0
v 1 1
e 0 1 0
t # 65
v 0 0
v 1 1
v 2 2
v 3 3
v 4 4
v 5 5
v 6 6
e 0 3 0
e 0 1 0
e 0 5 0
e 0 4 0
e 0 2 1
e 0 6 1
e 0 6 1
t # 66
v 0 0
v 1 1
v 2 2
v 3 3
v 4 4
v 5 5
v 6 6
v 7 7
v 8 8
v 9 9
v 10 10
v 11 11
v 12 12
v 13 13
v 14 14
v 15 15
e 1 8 0
e 1 12 0
e 1 2 0
e 1 15 0
e 1 4 0
e 1 5 0
e 1 10 0
e 1 11 0
e 1 7 0
e 1 5 0
e 1 6 0
e 1 3 0
e 1 14 0
e 1 7 0
e 1 5 0
e 1 9 0
e 1 13 0
e 1 0 0
t # 67
v 0 0
v 1 1
v 2 2
v 3 3
e 0 3 0
e 0 2 0
e 0 1 0
t # 68
v 0 0
v 1 1
v 2 2
v 3 3
v 4 4
v 5 5
v 6 6
v 7 7
v 8 8
v 9 9
v 10 10
v 11 11
v 12 12
v 13 13
v 14 14
v 15 15
v 16 16
v 17 17
v 18 18
v 19 19
v 20 20
v 21 21
v 22 22
e 14 19 0
e 14 12 0
e 14 6 0
e 14 2 0
e 14 17 0
e 14 10 0
e 14 22 1
e 14 22 1
e 14 11 0
e 14 8 0
e 14 1 0
e 14 5 0
e 14 20 0
e 14 7 0
e 14 3 0
e 14 4 0
e 14 0 1
e 14 0 1
e 14 21 0
e 14 16 0
e 14 18 0
e 14 9 1
e 14 9 1
e 14 13 0
e 14 15 0
t # 69
v 0 0
v 1 1
v 2 2
v 3 3
v 4 4
e 3 1 1
e 3 1 1
e 3 2 1
e 3 4 0
e 3 0 0
t # 70
v 0 0
v 1 1
v 2 2
v 3 3
v 4 4
v 5 5
v 6 6
v 7 7
e 6 1 1
e 6 1 1
e 6 2 0
e 6 4 0
e 6 7 0
e 6 0 0
e 6 3 0
e 6 5 0
t # 71
v 0 0
v 1 1
v 2 2
v 3 3
v 4 4
v 5 5
e 0 1 0
e 0 2 0
e 0 3 0
e 0 4 0
e 0 5 0
t # 72
v 0 0
v 1 1
v 2 2
e 1 2 1
e 1 2 1
e 1 0 1
t # 73
v 0 0
v 1 1
e 1 0 0
t # 74
v 0 0
v 1 1
e 0 1 0
t # 75
v 0 0
v 1 1
v 2 2
v 3 3
v 4 4
v 5 5
v 6 6
v 7 7
v 8 8
v 9 9
v 10 10
v 11 11
v 12 12
v 13 13
v 14 14
v 15 15
v 16 16
v 17 17
v 18 18
v 19 19
v 20 20
v 21 21
v 22 22
v 23 23
v 24 24
e 10 1 0
e 10 5 2
e 10 4 2
e 10 0 2
e 10 22 2
e 10 23 0
e 10 3 1
e 10 24 1
e 10 7 2
e 10 2 2
e 10 21 2
e 10 13 2
e 10 17 2
e 10 12 2
e 10 8 0
e 10 6 0
e 10 18 0
e 10 14 0
e 10 20 0
e 10 19 1
e 10 15 1
e 10 9 1
e 10 11 1
e 10 16 1
t # 76
v 0 0
v 1 1
v 2 2
v 3 3
v 4 4
v 5 5
v 6 6
v 7 7
v 8 8
v 9 9
v 10 10
v 11 11
v 12 12
v 13 13
v 14 14
v 15 15
v 16 16
v 17 17
v 18 18
v 19 19
v 20 20
v 21 21
v 22 22
v 23 23
v 24 24
v 25 25
v 26 26
v 27 27
v 28 28
v 29 29
v 30 30
v 31 31
v 32 32
e 23 11 0
e 23 4 0
e 23 7 0
e 23 8 0
e 23 0 0
e 23 16 0
e 23 2 1
e 23 2 1
e 23 24 1
e 23 1 0
e 23 32 0
e 23 15 0
e 23 3 0
e 23 28 0
e 23 17 0
e 23 10 0
e 23 19 0
e 23 27 0
e 23 5 0
e 23 18 0
e 23 26 0
e 23 13 0
e 23 20 0
e 23 22 0
e 23 6 0
e 23 21 0
e 23 30 0
e 23 25 0
e 23 9 0
e 23 31 0
e 23 12 0
e 23 14 0
e 23 29 0
t # 77
v 0 0
v 1 1
v 2 2
e 1 0 0
e 1 2 0
t # 78
v 0 0
v 1 1
e 0 1 0
t # 79
v 0 0
v 1 1
e 1 0 0
t # 80
v 0 0
v 1 1
v 2 2
v 3 3
v 4 4
v 5 5
v 6 6
v 7 7
e 6 3 0
e 6 5 0
e 6 1 0
e 6 0 0
e 6 7 0
e 6 4 0
e 6 2 0
t # 81
v 0 0
v 1 1
e 1 0 0
t # 82
v 0 0
v 1 1
v 2 2
v 3 3
e 3 1 0
e 3 0 1
e 3 2 1
e 3 2 1
t # 83
v 0 0
v 1 1
v 2 2
v 3 3
v 4 4
v 5 5
v 6 6
v 7 7
v 8 8
v 9 9
v 10 10
v 11 11
v 12 12
v 13 13
v 14 14
v 15 15
v 16 16
v 17 17
v 18 18
v 19 19
v 20 20
v 21 21
v 22 22
v 23 23
v 24 24
v 25 25
v 26 26
v 27 27
v 28 28
v 29 29
v 30 30
v 31 31
v 32 32
v 33 33
v 34 34
v 35 35
v 36 36
v 37 37
v 38 38
v 39 39
v 40 40
v 41 41
v 42 42
v 43 43
v 44 44
v 45 45
v 46 46
v 47 47
v 48 48
v 49 49
v 50 50
v 51 51
v 52 52
v 53 53
v 54 54
v 55 55
v 56 56
v 57 57
v 58 58
v 59 59
v 60 60
v 61 61
v 62 62
v 63 63
v 64 64
v 65 65
v 66 66
v 67 67
v 68 68
v 69 69
v 70 70
v 71 71
v 72 72
v 73 73
v 74 74
v 75 75
v 76 76
v 77 77
v 78 78
v 79 79
v 80 80
v 81 81
v 82 82
v 83 83
v 84 84
v 85 85
v 86 86
v 87 87
v 88 88
v 89 89
v 90 90
v 91 91
v 92 92
v 93 93
v 94 94
v 95 95
v 96 96
v 97 97
v 98 98
v 99 99
v 100 100
v 101 101
v 102 102
v 103 103
v 104 104
v 105 105
v 106 106
v 107 107
v 108 108
v 109 109
v 110 110
v 111 111
v 112 112
v 113 113
v 114 114
v 115 115
v 116 116
v 117 117
v 118 118
v 119 119
v 120 120
v 121 121
v 122 122
v 123 123
v 124 124
v 125 125
e 87 13 0
e 87 94 0
e 87 60 0
e 87 17 0
e 87 14 0
e 87 70 0
e 87 79 0
e 87 99 0
e 87 123 0
e 87 96 0
e 87 84 0
e 87 85 0
e 87 74 0
e 87 25 0
e 87 108 0
e 87 7 0
e 87 17 0
e 87 76 0
e 87 55 0
e 87 54 0
e 87 56 0
e 87 111 0
e 87 51 0
e 87 24 0
e 87 102 1
e 87 27 0
e 87 83 0
e 87 69 0
e 87 0 0
e 87 0 0
e 87 57 0
e 87 109 0
e 87 36 0
e 87 27 0
e 87 97 0
e 87 120 0
e 87 44 0
e 87 89 0
e 87 10 0
e 87 80 0
e 87 67 0
e 87 27 0
e 87 16 0
e 87 122 0
e 87 117 0
e 87 104 0
e 87 100 0
e 87 82 0
e 87 48 0
e 87 47 0
e 87 110 0
e 87 34 0
e 87 2 0
e 87 28 0
e 87 15 0
e 87 61 0
e 87 41 0
e 87 38 0
e 87 58 0
e 87 106 0
e 87 3 0
e 87 63 0
e 87 65 0
e 87 46 0
e 87 50 0
e 87 77 0
e 87 5 0
e 87 112 0
e 87 40 0
e 87 18 0
e 87 32 0
e 87 20 0
e 87 107 0
e 87 9 0
e 87 118 0
e 87 75 0
e 87 88 0
e 87 71 0
e 87 113 0
e 87 11 0
e 87 90 0
e 87 78 0
e 87 124 0
e 87 91 0
e 87 43 0
e 87 64 0
e 87 52 0
e 87 4 0
e 87 29 0
e 87 115 0
e 87 101 0
e 87 33 0
e 87 66 0
e 87 22 0
e 87 6 0
e 87 42 0
e 87 95 0
e 87 86 0
e 87 23 0
e 87 30 0
e 87 81 0
e 87 68 0
e 87 125 0
e 87 121 0
e 87 21 0
e 87 8 0
e 87 39 0
e 87 45 0
e 87 37 0
e 87 59 0
e 87 120 0
e 87 27 0
e 87 53 0
e 87 12 0
e 87 103 0
e 87 26 0
e 87 119 0
e 87 49 0
e 87 121 0
e 87 123 0
e 87 31 0
e 87 92 0
e 87 1 0
e 87 93 0
e 87 73 0
e 87 62 0
e 87 105 0
e 87 116 0
e 87 85 0
e 87 98 0
e 87 19 0
e 87 55 0
e 87 72 0
e 87 114 0
e 87 35 0
t # 84
v 0 0
v 1 1
v 2 2
v 3 3
v 4 4
v 5 5
v 6 6
v 7 7
v 8 8
v 9 9
v 10 10
v 11 11
v 12 12
v 13 13
v 14 14
v 15 15
v 16 16
e 13 6 0
e 13 1 0
e 13 7 0
e 13 11 0
e 13 10 0
e 13 15 0
e 13 14 0
e 13 2 0
e 13 12 0
e 13 16 0
e 13 4 0
e 13 9 0
e 13 3 0
e 13 5 0
e 13 8 0
e 13 0 0
t # 85
v 0 0
v 1 1
v 2 2
v 3 3
e 0 3 1
e 0 2 1
e 0 1 0
t # 86
v 0 0
v 1 1
v 2 2
e 2 0 1
e 2 1 1
t # 87
v 0 0
v 1 1
v 2 2
v 3 3
e 2 3 1
e 2 0 1
e 2 1 1
t # 88
v 0 0
v 1 1
v 2 2
v 3 3
v 4 4
v 5 5
v 6 6
v 7 7
v 8 8
v 9 9
v 10 10
v 11 11
v 12 12
v 13 13
v 14 14
v 15 15
v 16 16
v 17 17
v 18 18
v 19 19
v 20 20
v 21 21
v 22 22
v 23 23
v 24 24
v 25 25
v 26 26
v 27 27
v 28 28
v 29 29
v 30 30
v 31 31
v 32 32
v 33 33
v 34 34
v 35 35
e 6 17 1
e 6 28 1
e 6 25 1
e 6 2 1
e 6 5 0
e 6 21 0
e 6 34 0
e 6 16 0
e 6 13 0
e 6 27 0
e 6 7 0
e 6 24 0
e 6 10 0
e 6 33 0
e 6 32 0
e 6 31 0
e 6 14 0
e 6 22 0
e 6 15 0
e 6 4 0
e 6 32 0
e 6 26 0
e 6 11 0
e 6 1 0
e 6 20 0
e 6 8 0
e 6 9 0
e 6 32 0
e 6 23 0
e 6 3 0
e 6 12 0
e 6 29 0
e 6 18 0
e 6 19 0
e 6 30 0
e 6 35 0
e 6 0 0
e 6 32 0
e 6 32 0
e 6 32 0
t # 89
v 0 0
v 1 1
v 2 2
v 3 3
v 4 4
e 4 0 1
e 4 3 1
e 4 1 1
e 4 2 1
t # 90
v 0 0
v 1 1
v 2 2
v 3 3
v 4 4
v 5 5
v 6 6
v 7 7
v 8 8
e 2 4 0
e 2 0 0
e 2 7 0
e 2 3 0
e 2 1 0
e 2 6 0
e 2 8 0
e 2 5 1
e 2 5 1
t # 91
v 0 0
v 1 1
v 2 2
v 3 3
v 4 4
v 5 5
v 6 6
v 7 7
v 8 8
e 3 5 1
e 3 2 1
e 3 7 1
e 3 4 2
e 3 4 2
e 3 4 2
e 3 4 2
e 3 4 2
e 3 2 2
e 3 6 2
e 3 6 2
e 3 6 2
e 3 6 2
e 3 0 2
e 3 8 1
e 3 1 1
t # 92
v 0 0
v 1 1
e 1 0 0
e 1 0 0
t # 93
v 0 0
v 1 1
e 0 1 0
t # 94
v 0 0
v 1 1
v 2 2
e 1 2 0
e 1 0 0
t # 95
v 0 0
v 1 1
v 2 2
e 0 1 0
e 0 2 0
t # 96
v 0 0
v 1 1
v 2 2
v 3 3
v 4 4
v 5 5
v 6 6
e 4 6 0
e 4 2 0
e 4 1 0
e 4 3 0
e 4 0 0
e 4 5 0
t # 97
v 0 0
v 1 1
v 2 2
v 3 3
v 4 4
v 5 5
v 6 6
e 6 0 0
e 6 3 0
e 6 5 0
e 6 2 0
e 6 4 0
e 6 1 0
t # 98
v 0 0
v 1 1
e 1 0 0
t # 99
v 0 0
v 1 1
e 1 0 0
t # 100
v 0 0
v 1 1
e 0 1 0
t # 101
v 0 0
v 1 1
v 2 2
v 3 3
v 4 4
v 5 5
v 6 6
v 7 7
v 8 8
v 9 9
v 10 10
v 11 11
v 12 12
v 13 13
v 14 14
v 15 15
v 16 16
v 17 17
e 5 1 0
e 5 17 0
e 5 6 0
e 5 8 0
e 5 11 0
e 5 12 0
e 5 7 0
e 5 15 0
e 5 13 0
e 5 4 0
e 5 9 0
e 5 14 0
e 5 2 0
e 5 10 0
e 5 16 0
e 5 3 0
e 5 0 0
t # 102
v 0 0
v 1 1
v 2 2
v 3 3
v 4 4
v 5 5
v 6 6
v 7 7
v 8 8
v 9 9
v 10 10
v 11 11
v 12 12
e 3 12 0
e 3 4 0
e 3 5 0
e 3 10 0
e 3 2 0
e 3 0 0
e 3 6 0
e 3 11 0
e 3 7 0
e 3 8 0
e 3 1 0
e 3 9 0
t # 103
v 0 0
v 1 1
e 1 0 0
t # 104
v 0 0
v 1 1
e 0 1 0
t # 105
v 0 0
v 1 1
v 2 2
v 3 3
v 4 4
v 5 5
e 2 4 0
e 2 0 0
e 2 5 0
e 2 1 0
e 2 3 0
t # 106
v 0 0
v 1 1
e 0 1 0
t # 107
v 0 0
v 1 1
v 2 2
v 3 3
v 4 4
v 5 5
v 6 6
v 7 7
v 8 8
v 9 9
v 10 10
v 11 11
v 12 12
v 13 13
v 14 14
v 15 15
v 16 16
v 17 17
v 18 18
v 19 19
v 20 20
v 21 21
v 22 22
v 23 23
v 24 24
v 25 25
v 26 26
v 27 27
v 28 28
v 29 29
v 30 30
v 31 31
v 32 32
v 33 33
v 34 34
v 35 35
v 36 36
v 37 37
v 38 38
v 39 39
v 40 40
v 41 41
v 42 42
v 43 43
v 44 44
v 45 45
v 46 46
v 47 47
v 48 48
v 49 49
v 50 50
v 51 51
v 52 52
v 53 53
v 54 54
v 55 55
v 56 56
v 57 57
v 58 58
v 59 59
v 60 60
v 61 61
v 62 62
e 36 31 1
e 36 31 1
e 36 49 2
e 36 49 2
e 36 49 2
e 36 8 2
e 36 8 2
e 36 8 2
e 36 25 2
e 36 46 2
e 36 50 2
e 36 50 2
e 36 61 2
e 36 61 2
e 36 61 2
e 36 61 2
e 36 61 2
e 36 38 2
e 36 28 2
e 36 39 2
e 36 39 2
e 36 39 2
e 36 31 2
e 36 31 2
e 36 31 2
e 36 31 2
e 36 31 2
e 36 37 0
e 36 12 1
e 36 12 1
e 36 22 0
e 36 19 0
e 36 11 1
e 36 11 1
e 36 33 0
e 36 44 0
e 36 9 0
e 36 27 0
e 36 6 0
e 36 47 0
e 36 4 0
e 36 52 0
e 36 20 0
e 36 23 0
e 36 1 0
e 36 48 0
e 36 45 0
e 36 17 0
e 36 18 0
e 36 55 0
e 36 2 0
e 36 21 0
e 36 51 0
e 36 40 0
e 36 56 0
e 36 57 0
e 36 60 0
e 36 16 0
e 36 13 0
e 36 14 0
e 36 53 0
e 36 26 0
e 36 41 0
e 36 10 0
e 36 35 1
e 36 3 0
e 36 29 0
e 36 34 1
e 36 58 0
e 36 42 0
e 36 59 0
e 36 43 0
e 36 24 0
e 36 32 0
e 36 7 0
e 36 0 0
e 36 54 2
e 36 5 2
e 36 30 2
e 36 58 0
e 36 15 0
e 36 62 0
t # 108
v 0 0
v 1 1
e 0 1 0
t # 109
v 0 0
v 1 1
v 2 2
v 3 3
v 4 4
v 5 5
v 6 6
v 7 7
v 8 8
v 9 9
e 7 1 2
e 7 5 2
e 7 0 2
e 7 9 2
e 7 4 2
e 7 3 2
e 7 8 2
e 7 2 2
e 7 6 2
t # 110
v 0 0
v 1 1
e 0 1 0
t # 111
v 0 0
v 1 1
v 2 2
v 3 3
v 4 4
v 5 5
v 6 6
v 7 7
e 0 4 0
e 0 2 0
e 0 5 0
e 0 3 0
e 0 7 0
e 0 1 0
e 0 6 0
t # 112
v 0 0
v 1 1
e 1 0 0
t # 113
v 0 0
v 1 1
e 1 0 0
t # 114
v 0 0
v 1 1
e 1 0 0
t # 115
v 0 0
v 1 1
v 2 2
v 3 3
e 3 0 1
e 3 1 1
e 3 2 1
t # 116
v 0 0
v 1 1
e 1 0 0
t # 117
v 0 0
v 1 1
v 2 2
v 3 3
v 4 4
v 5 5
v 6 6
v 7 7
v 8 8
v 9 9
v 10 10
v 11 11
v 12 12
v 13 13
v 14 14
v 15 15
v 16 16
v 17 17
v 18 18
v 19 19
v 20 20
v 21 21
v 22 22
v 23 23
v 24 24
v 25 25
v 26 26
v 27 27
v 28 28
v 29 29
v 30 30
v 31 31
v 32 32
v 33 33
v 34 34
v 35 35
v 36 36
v 37 37
v 38 38
v 39 39
v 40 40
v 41 41
v 42 42
v 43 43
v 44 44
v 45 45
e 42 18 2
e 42 10 2
e 42 40 2
e 42 4 2
e 42 0 2
e 42 9 2
e 42 14 2
e 42 20 2
e 42 5 2
e 42 32 2
e 42 30 2
e 42 2 0
e 42 11 0
e 42 37 0
e 42 43 0
e 42 35 0
e 42 19 0
e 42 7 0
e 42 3 0
e 42 13 0
e 42 34 1
e 42 23 1
e 42 44 0
e 42 22 0
e 42 45 0
e 42 36 0
e 42 27 0
e 42 28 0
e 42 6 0
e 42 28 0
e 42 24 0
e 42 39 0
e 42 1 0
e 42 33 0
e 42 29 0
e 42 41 0
e 42 15 0
e 42 21 0
e 42 17 0
e 42 26 0
e 42 16 0
e 42 41 0
e 42 38 0
e 42 12 0
e 42 8 0
e 42 25 0
e 42 8 0
e 42 31 0
t # 118
v 0 0
v 1 1
e 0 1 0
t # 119
v 0 0
v 1 1
e 0 1 0
t # 120
v 0 0
v 1 1
v 2 2
e 2 0 0
e 2 1 0
t # 121
v 0 0
v 1 1
e 1 0 0
t # 122
v 0 0
v 1 1
e 0 1 0
t # 123
v 0 0
v 1 1
v 2 2
e 0 1 0
e 0 2 0
t # 124
v 0 0
v 1 1
e 0 1 0
t # 125
v 0 0
v 1 1
v 2 2
e 1 2 1
e 1 0 1
t # 126
v 0 0
v 1 1
e 0 1 0
t # 127
v 0 0
v 1 1
v 2 2
v 3 3
v 4 4
v 5 5
v 6 6
v 7 7
v 8 8
v 9 9
e 0 1 0
e 0 4 0
e 0 7 0
e 0 9 0
e 0 2 0
e 0 6 0
e 0 8 0
e 0 5 0
e 0 3 0
t # 128
v 0 0
v 1 1
e 1 0 0
t # 129
v 0 0
v 1 1
e 1 0 0
t # 130
v 0 0
v 1 1
v 2 2
v 3 3
v 4 4
v 5 5
v 6 6
v 7 7
v 8 8
v 9 9
v 10 10
e 0 2 1
e 0 2 1
e 0 2 1
e 0 5 1
e 0 5 1
e 0 5 1
e 0 9 1
e 0 1 2
e 0 1 2
e 0 1 2
e 0 1 2
e 0 10 2
e 0 3 2
e 0 7 0
e 0 8 1
e 0 6 1
e 0 6 1
e 0 4 1
e 0 4 1
e 0 4 1
t # 131
v 0 0
v 1 1
e 0 1 0
t # 132
v 0 0
v 1 1
e 1 0 0
e 1 0 0
t # 133
v 0 0
v 1 1
v 2 2
v 3 3
v 4 4
v 5 5
v 6 6
v 7 7
v 8 8
v 9 9
v 10 10
v 11 11
v 12 12
v 13 13
v 14 14
v 15 15
v 16 16
v 17 17
v 18 18
e 11 1 2
e 11 8 2
e 11 4 2
e 11 7 2
e 11 3 2
e 11 12 2
e 11 6 2
e 11 17 2
e 11 16 2
e 11 13 2
e 11 9 2
e 11 15 2
e 11 5 2
e 11 18 2
e 11 0 2
e 11 14 2
e 11 10 2
e 11 2 2
t # 134
v 0 0
v 1 1
e 0 1 0
t # 135
v 0 0
v 1 1
v 2 2
v 3 3
v 4 4
v 5 5
e 2 0 0
e 2 3 0
e 2 1 1
e 2 5 0
e 2 4 0
t # 136
v 0 0
v 1 1
v 2 2
v 3 3
v 4 4
v 5 5
v 6 6
v 7 7
e 2 5 2
e 2 3 2
e 2 0 2
e 2 4 2
e 2 6 2
e 2 7 2
e 2 1 0
t # 137
v 0 0
v 1 1
v 2 2
v 3 3
v 4 4
v 5 5
v 6 6
v 7 7
v 8 8
e 2 7 0
e 2 5 0
e 2 8 0
e 2 1 0
e 2 3 0
e 2 0 0
e 2 4 0
e 2 6 0
t # 138
v 0 0
v 1 1
v 2 2
v 3 3
v 4 4
v 5 5
v 6 6
v 7 7
v 8 8
v 9 9
v 10 10
v 11 11
v 12 12
v 13 13
v 14 14
v 15 15
v 16 16
v 17 17
v 18 18
v 19 19
v 20 20
v 21 21
v 22 22
v 23 23
v 24 24
v 25 25
v 26 26
v 27 27
v 28 28
v 29 29
v 30 30
v 31 31
v 32 32
v 33 33
v 34 34
v 35 35
v 36 36
v 37 37
v 38 38
v 39 39
v 40 40
v 41 41
v 42 42
v 43 43
v 44 44
v 45 45
v 46 46
e 43 22 1
e 43 37 1
e 43 32 1
e 43 36 1
e 43 35 2
e 43 17 2
e 43 17 2
e 43 4 2
e 43 40 2
e 43 10 2
e 43 10 2
e 43 18 2
e 43 18 2
e 43 3 0
e 43 0 0
e 43 38 0
e 43 30 1
e 43 19 1
e 43 23 1
e 43 16 0
e 43 25 0
e 43 31 1
e 43 31 1
e 43 1 0
e 43 14 0
e 43 7 1
e 43 28 1
e 43 24 0
e 43 26 1
e 43 26 1
e 43 27 1
e 43 13 1
e 43 13 1
e 43 46 0
e 43 5 0
e 43 33 0
e 43 20 1
e 43 21 1
e 43 29 1
e 43 11 1
e 43 42 1
e 43 2 1
e 43 34 1
e 43 39 1
e 43 10 0
e 43 8 1
e 43 41 1
e 43 12 0
e 43 45 0
e 43 6 0
e 43 44 0
e 43 9 0
e 43 15 0
t # 139
v 0 0
v 1 1
v 2 2
v 3 3
v 4 4
v 5 5
v 6 6
v 7 7
v 8 8
e 7 0 0
e 7 5 0
e 7 4 0
e 7 8 0
e 7 6 0
e 7 2 0
e 7 3 0
e 7 1 0
t # 140
v 0 0
v 1 1
e 0 1 0
t # 141
v 0 0
v 1 1
v 2 2
v 3 3
e 2 0 0
e 2 1 0
e 2 3 0
t # 142
v 0 0
v 1 1
v 2 2
v 3 3
v 4 4
v 5 5
v 6 6
v 7 7
v 8 8
v 9 9
v 10 10
v 11 11
v 12 12
v 13 13
v 14 14
v 15 15
v 16 16
v 17 17
v 18 18
v 19 19
v 20 20
v 21 21
v 22 22
v 23 23
v 24 24
v 25 25
v 26 26
v 27 27
v 28 28
v 29 29
v 30 30
v 31 31
v 32 32
v 33 33
v 34 34
v 35 35
v 36 36
v 37 37
v 38 38
v 39 39
v 40 40
v 41 41
v 42 42
v 43 43
v 44 44
v 45 45
v 46 46
v 47 47
v 48 48
v 49 49
v 50 50
v 51 51
v 52 52
v 53 53
v 54 54
v 55 55
v 56 56
v 57 57
v 58 58
v 59 59
v 60 60
v 61 61
v 62 62
v 63 63
v 64 64
v 65 65
v 66 66
v 67 67
v 68 68
v 69 69
v 70 70
v 71 71
v 72 72
v 73 73
v 74 74
v 75 75
v 76 76
v 77 77
v 78 78
v 79 79
v 80 80
v 81 81
v 82 82
v 83 83
v 84 84
v 85 85
v 86 86
v 87 87
v 88 88
v 89 89
v 90 90
v 91 91
v 92 92
e 36 47 1
e 36 8 1
e 36 51 1
e 36 16 2
e 36 48 2
e 36 81 2
e 36 71 2
e 36 66 2
e 36 53 2
e 36 83 2
e 36 43 2
e 36 22 2
e 36 23 2
e 36 50 2
e 36 39 0
e 36 89 1
e 36 32 1
e 36 69 2
e 36 69 2
e 36 78 2
e 36 78 2
e 36 78 2
e 36 20 2
e 36 59 2
e 36 28 1
e 36 7 1
e 36 21 1
e 36 29 1
e 36 63 1
e 36 14 1
e 36 52 0
e 36 9 0
e 36 46 0
e 36 56 0
e 36 27 0
e 36 45 0
e 36 80 0
e 36 0 0
e 36 74 0
e 36 58 0
e 36 65 2
e 36 65 2
e 36 35 2
e 36 2 2
e 36 2 2
e 36 2 2
e 36 26 0
e 36 67 1
e 36 68 1
e 36 18 1
e 36 25 2
e 36 30 2
e 36 86 2
e 36 73 2
e 36 90 2
e 36 17 2
e 36 64 2
e 36 57 2
e 36 41 2
e 36 24 1
e 36 1 1
e 36 49 1
e 36 33 1
e 36 92 1
e 36 88 0
e 36 15 0
e 36 79 0
e 36 70 0
e 36 12 0
e 36 13 0
e 36 10 0
e 36 38 2
e 36 61 2
e 36 72 2
e 36 77 2
e 36 55 2
e 36 3 2
e 36 6 2
e 36 44 2
e 36 31 1
e 36 91 1
e 36 40 1
e 36 82 1
e 36 75 0
e 36 19 1
e 36 76 1
e 36 84 0
e 36 5 2
e 36 11 2
e 36 60 2
e 36 34 2
e 36 85 2
e 36 42 2
e 36 4 2
e 36 87 2
e 36 37 0
e 36 54 1
e 36 62 1
t # 143
v 0 0
v 1 1
v 2 2
v 3 3
v 4 4
v 5 5
v 6 6
v 7 7
v 8 8
v 9 9
v 10 10
v 11 11
v 12 12
v 13 13
v 14 14
v 15 15
v 16 16
v 17 17
v 18 18
v 19 19
v 20 20
v 21 21
v 22 22
v 23 23
v 24 24
v 25 25
v 26 26
v 27 27
v 28 28
v 29 29
v 30 30
v 31 31
v 32 32
v 33 33
v 34 34
v 35 35
v 36 36
v 37 37
v 38 38
v 39 39
v 40 40
v 41 41
v 42 42
v 43 43
v 44 44
v 45 45
v 46 46
v 47 47
v 48 48
e 14 37 0
e 14 47 0
e 14 8 0
e 14 13 0
e 14 38 0
e 14 34 0
e 14 11 0
e 14 27 0
e 14 9 0
e 14 25 0
e 14 35 0
e 14 21 0
e 14 3 0
e 14 22 0
e 14 28 0
e 14 17 0
e 14 43 0
e 14 45 0
e 14 3 0
e 14 6 0
e 14 29 0
e 14 10 0
e 14 26 0
e 14 4 0
e 14 0 0
e 14 42 0
e 14 18 0
e 14 1 0
e 14 40 0
e 14 24 0
e 14 39 0
e 14 20 0
e 14 48 0
e 14 16 0
e 14 41 0
e 14 23 0
e 14 46 0
e 14 2 0
e 14 42 0
e 14 15 0
e 14 31 0
e 14 44 0
e 14 7 0
e 14 19 0
e 14 36 0
e 14 12 0
e 14 5 0
e 14 30 0
e 14 24 0
e 14 32 0
e 14 33 0
t # 144
v 0 0
v 1 1
v 2 2
v 3 3
v 4 4
v 5 5
v 6 6
e 4 6 0
e 4 3 0
e 4 2 0
e 4 1 1
e 4 0 1
e 4 5 0
t # 145
v 0 0
v 1 1
v 2 2
v 3 3
e 0 1 0
e 0 2 0
e 0 3 0
t # 146
v 0 0
v 1 1
v 2 2
v 3 3
v 4 4
v 5 5
v 6 6
v 7 7
v 8 8
v 9 9
v 10 10
v 11 11
v 12 12
v 13 13
v 14 14
v 15 15
v 16 16
v 17 17
v 18 18
v 19 19
v 20 20
v 21 21
v 22 22
v 23 23
v 24 24
v 25 25
v 26 26
v 27 27
v 28 28
v 29 29
v 30 30
v 31 31
v 32 32
v 33 33
v 34 34
v 35 35
v 36 36
e 36 6 0
e 36 35 1
e 36 23 0
e 36 11 0
e 36 7 0
e 36 12 0
e 36 31 0
e 36 22 0
e 36 15 1
e 36 11 1
e 36 17 0
e 36 25 0
e 36 14 0
e 36 33 0
e 36 4 0
e 36 21 0
e 36 18 0
e 36 8 0
e 36 24 0
e 36 2 0
e 36 30 0
e 36 34 0
e 36 29 0
e 36 10 0
e 36 19 0
e 36 32 0
e 36 9 0
e 36 3 0
e 36 0 0
e 36 16 0
e 36 5 0
e 36 28 0
e 36 20 0
e 36 1 0
e 36 26 0
e 36 13 0
e 36 27 0
t # 147
v 0 0
v 1 1
v 2 2
v 3 3
v 4 4
v 5 5
v 6 6
v 7 7
v 8 8
v 9 9
v 10 10
v 11 11
v 12 12
v 13 13
v 14 14
v 15 15
v 16 16
v 17 17
v 18 18
v 19 19
v 20 20
v 21 21
v 22 22
v 23 23
v 24 24
v 25 25
e 25 24 0
e 25 8 1
e 25 8 1
e 25 6 1
e 25 16 0
e 25 5 0
e 25 5 0
e 25 6 1
e 25 22 1
e 25 15 0
e 25 1 0
e 25 11 0
e 25 2 0
e 25 13 2
e 25 13 2
e 25 13 2
e 25 13 2
e 25 3 2
e 25 3 2
e 25 3 2
e 25 9 2
e 25 9 2
e 25 14 2
e 25 14 2
e 25 14 2
e 25 14 2
e 25 4 2
e 25 4 2
e 25 4 2
e 25 20 2
e 25 20 2
e 25 0 2
e 25 12 2
e 25 12 2
e 25 18 2
e 25 10 2
e 25 10 2
e 25 19 2
e 25 19 2
e 25 13 2
e 25 13 2
e 25 7 2
e 25 7 2
e 25 23 2
e 25 23 2
e 25 17 2
e 25 21 2
t # 148
v 0 0
v 1 1
v 2 2
v 3 3
v 4 4
v 5 5
v 6 6
e 5 1 1
e 5 1 1
e 5 2 1
e 5 4 1
e 5 6 0
e 5 3 0
e 5 0 0
t # 149
v 0 0
v 1 1
v 2 2
v 3 3
v 4 4
v 5 5
e 1 3 0
e 1 4 0
e 1 5 1
e 1 0 0
e 1 2 1
t # 150
v 0 0
v 1 1
v 2 2
v 3 3
v 4 4
v 5 5
e 1 2 1
e 1 5 1
e 1 4 1
e 1 3 0
e 1 0 0
t # 151
v 0 0
v 1 1
v 2 2
e 1 2 0
e 1 0 0
t # 152
v 0 0
v 1 1
e 0 1 0
t # 153
v 0 0
v 1 1
v 2 2
v 3 3
e 1 0 0
e 1 3 0
e 1 2 0
t # 154
v 0 0
v 1 1
e 0 1 0
t # 155
v 0 0
v 1 1
v 2 2
v 3 3
v 4 4
e 1 2 0
e 1 0 0
e 1 4 0
e 1 3 0
t # 156
v 0 0
v 1 1
v 2 2
v 3 3
v 4 4
v 5 5
v 6 6
v 7 7
v 8 8
v 9 9
v 10 10
v 11 11
v 12 12
v 13 13
v 14 14
v 15 15
v 16 16
v 17 17
v 18 18
v 19 19
v 20 20
v 21 21
v 22 22
v 23 23
v 24 24
v 25 25
v 26 26
v 27 27
v 28 28
v 29 29
e 28 18 0
e 28 10 0
e 28 11 0
e 28 26 0
e 28 17 0
e 28 15 0
e 28 3 0
e 28 12 0
e 28 14 0
e 28 29 0
e 28 7 0
e 28 6 0
e 28 27 0
e 28 1 0
e 28 4 0
e 28 20 0
e 28 23 2
e 28 13 2
e 28 22 2
e 28 16 2
e 28 8 2
e 28 19 2
e 28 20 0
e 28 24 1
e 28 5 1
e 28 2 1
e 28 21 1
e 28 0 0
e 28 25 0
e 28 9 0
t # 157
v 0 0
v 1 1
v 2 2
e 2 1 0
e 2 0 0
t # 158
v 0 0
v 1 1
v 2 2
v 3 3
v 4 4
v 5 5
v 6 6
e 3 5 0
e 3 6 1
e 3 1 1
e 3 4 1
e 3 0 0
e 3 2 0
t # 159
v 0 0
v 1 1
e 1 0 0
t # 160
v 0 0
v 1 1
v 2 2
v 3 3
v 4 4
v 5 5
e 2 3 0
e 2 1 0
e 2 4 2
e 2 4 2
e 2 4 2
e 2 4 2
e 2 4 2
e 2 5 2
e 2 0 0
t # 161
v 0 0
v 1 1
v 2 2
e 2 0 1
e 2 1 1
t # 162
v 0 0
v 1 1
e 0 1 1
t # 163
v 0 0
v 1 1
v 2 2
v 3 3
v 4 4
v 5 5
v 6 6
v 7 7
v 8 8
v 9 9
v 10 10
v 11 11
v 12 12
v 13 13
v 14 14
v 15 15
v 16 16
v 17 17
v 18 18
v 19 19
v 20 20
v 21 21
v 22 22
v 23 23
v 24 24
v 25 25
v 26 26
v 27 27
v 28 28
v 29 29
v 30 30
v 31 31
v 32 32
v 33 33
v 34 34
v 35 35
v 36 36
v 37 37
v 38 38
v 39 39
v 40 40
v 41 41
v 42 42
v 43 43
v 44 44
v 45 45
v 46 46
v 47 47
v 48 48
v 49 49
v 50 50
v 51 51
v 52 52
v 53 53
v 54 54
v 55 55
v 56 56
v 57 57
v 58 58
v 59 59
v 60 60
v 61 61
v 62 62
v 63 63
v 64 64
e 49 16 0
e 49 55 0
e 49 18 0
e 49 57 1
e 49 14 1
e 49 59 0
e 49 36 0
e 49 42 0
e 49 13 0
e 49 23 0
e 49 20 0
e 49 21 0
e 49 22 0
e 49 48 0
e 49 1 1
e 49 27 1
e 49 60 0
e 49 63 1
e 49 3 1
e 49 2 0
e 49 62 0
e 49 43 0
e 49 24 1
e 49 28 1
e 49 5 0
e 49 58 0
e 49 47 0
e 49 44 0
e 49 38 1
e 49 38 1
e 49 51 1
e 49 34 1
e 49 26 0
e 49 64 0
e 49 10 0
e 49 8 0
e 49 33 0
e 49 56 0
e 49 45 0
e 49 41 0
e 49 40 0
e 49 35 0
e 49 61 0
e 49 39 0
e 49 32 1
e 49 53 1
e 49 12 1
e 49 46 0
e 49 31 0
e 49 15 0
e 49 29 0
e 49 9 1
e 49 6 1
e 49 19 0
e 49 50 0
e 49 37 0
e 49 11 0
e 49 54 0
e 49 25 0
e 49 17 0
e 49 0 0
e 49 7 0
e 49 52 0
e 49 4 0
e 49 30 0
t # 164
v 0 0
v 1 1
v 2 2
v 3 3
v 4 4
v 5 5
v 6 6
e 5 1 0
e 5 6 0
e 5 2 0
e 5 3 0
e 5 2 0
e 5 0 0
e 5 4 0
t # 165
v 0 0
v 1 1
e 0 1 0
t # 166
v 0 0
v 1 1
e 0 1 0
t # 167
v 0 0
v 1 1
e 1 0 0
t # 168
v 0 0
v 1 1
v 2 2
e 0 1 0
e 0 2 0
t # 169
v 0 0
v 1 1
e 1 0 0
t # 170
v 0 0
v 1 1
v 2 2
v 3 3
v 4 4
v 5 5
v 6 6
e 1 5 0
e 1 0 0
e 1 3 0
e 1 4 0
e 1 2 0
e 1 6 0
t # 171
v 0 0
v 1 1
v 2 2
v 3 3
v 4 4
v 5 5
v 6 6
v 7 7
v 8 8
v 9 9
v 10 10
v 11 11
v 12 12
v 13 13
v 14 14
v 15 15
v 16 16
v 17 17
v 18 18
v 19 19
v 20 20
v 21 21
v 22 22
v 23 23
v 24 24
v 25 25
v 26 26
v 27 27
v 28 28
v 29 29
v 30 30
v 31 31
v 32 32
v 33 33
v 34 34
v 35 35
v 36 36
v 37 37
v 38 38
e 15 17 1
e 15 26 1
e 15 26 1
e 15 12 1
e 15 23 0
e 15 6 1
e 15 1 1
e 15 32 0
e 15 37 0
e 15 2 0
e 15 8 0
e 15 28 0
e 15 9 0
e 15 21 0
e 15 20 0
e 15 18 0
e 15 16 0
e 15 14 0
e 15 22 0
e 15 13 0
e 15 35 0
e 15 0 0
e 15 10 0
e 15 4 0
e 15 33 0
e 15 9 0
e 15 30 0
e 15 11 0
e 15 24 0
e 15 5 0
e 15 29 1
e 15 29 1
e 15 25 1
e 15 3 1
e 15 38 0
e 15 33 0
e 15 7 0
e 15 27 0
e 15 34 0
e 15 19 0
e 15 36 0
e 15 31 0
e 15 29 0
t # 172
v 0 0
v 1 1
v 2 2
v 3 3
v 4 4
v 5 5
v 6 6
v 7 7
v 8 8
v 9 9
v 10 10
v 11 11
v 12 12
v 13 13
v 14 14
v 15 15
v 16 16
v 17 17
v 18 18
v 19 19
v 20 20
v 21 21
v 22 22
v 23 23
v 24 24
v 25 25
v 26 26
v 27 27
v 28 28
v 29 29
v 30 30
v 31 31
v 32 32
v 33 33
v 34 34
v 35 35
v 36 36
v 37 37
v 38 38
v 39 39
v 40 40
v 41 41
v 42 42
v 43 43
v 44 44
v 45 45
v 46 46
v 47 47
v 48 48
v 49 49
v 50 50
v 51 51
v 52 52
v 53 53
v 54 54
v 55 55
v 56 56
v 57 57
v 58 58
v 59 59
v 60 60
v 61 61
v 62 62
v 63 63
v 64 64
v 65 65
v 66 66
v 67 67
v 68 68
v 69 69
v 70 70
v 71 71
v 72 72
v 73 73
v 74 74
v 75 75
v 76 76
v 77 77
v 78 78
v 79 79
v 80 80
v 81 81
v 82 82
v 83 83
v 84 84
v 85 85
v 86 86
v 87 87
v 88 88
v 89 89
v 90 90
v 91 91
v 92 92
v 93 93
v 94 94
v 95 95
v 96 96
v 97 97
v 98 98
v 99 99
v 100 100
v 101 101
v 102 102
v 103 103
v 104 104
v 105 105
v 106 106
v 107 107
v 108 108
v 109 109
v 110 110
v 111 111
v 112 112
v 113 113
v 114 114
v 115 115
v 116 116
v 117 117
v 118 118
e 8 114 1
e 8 33 1
e 8 23 1
e 8 60 1
e 8 60 1
e 8 66 2
e 8 39 2
e 8 39 2
e 8 100 2
e 8 76 2
e 8 76 2
e 8 29 2
e 8 29 2
e 8 61 2
e 8 21 2
e 8 56 2
e 8 3 2
e 8 3 2
e 8 3 2
e 8 104 2
e 8 104 2
e 8 72 0
e 8 30 0
e 8 37 0
e 8 46 0
e 8 84 0
e 8 5 0
e 8 85 0
e 8 26 0
e 8 25 0
e 8 111 0
e 8 75 0
e 8 51 0
e 8 58 0
e 8 87 0
e 8 88 0
e 8 24 0
e 8 50 0
e 8 99 0
e 8 57 0
e 8 41 0
e 8 94 0
e 8 48 0
e 8 71 0
e 8 0 0
e 8 77 0
e 8 80 0
e 8 52 0
e 8 69 0
e 8 40 0
e 8 31 0
e 8 91 0
e 8 34 0
e 8 43 0
e 8 95 0
e 8 102 0
e 8 10 0
e 8 19 0
e 8 103 0
e 8 115 0
e 8 97 0
e 8 55 0
e 8 98 0
e 8 28 0
e 8 68 0
e 8 81 0
e 8 47 0
e 8 109 0
e 8 92 0
e 8 82 0
e 8 117 0
e 8 89 0
e 8 42 0
e 8 78 0
e 8 112 0
e 8 15 0
e 8 13 0
e 8 2 0
e 8 106 0
e 8 6 0
e 8 96 0
e 8 63 0
e 8 64 0
e 8 4 0
e 8 62 0
e 8 70 0
e 8 110 0
e 8 118 0
e 8 116 0
e 8 53 0
e 8 20 0
e 8 73 0
e 8 101 0
e 8 107 0
e 8 59 0
e 8 7 0
e 8 12 0
e 8 105 0
e 8 93 0
e 8 54 0
e 8 49 0
e 8 65 2
e 8 79 2
e 8 27 2
e 8 1 2
e 8 9 2
e 8 35 2
e 8 83 0
e 8 16 0
e 8 14 0
e 8 11 0
e 8 90 0
e 8 74 2
e 8 74 2
e 8 36 2
e 8 108 2
e 8 18 2
e 8 67 2
e 8 67 2
e 8 67 2
e 8 45 2
e 8 38 2
e 8 17 2
e 8 44 0
e 8 32 0
e 8 113 0
e 8 22 0
e 8 86 0
t # 173
v 0 0
v 1 1
e 0 1 0
t # 174
v 0 0
v 1 1
e 1 0 0
t # 175
v 0 0
v 1 1
v 2 2
v 3 3
v 4 4
v 5 5
v 6 6
v 7 7
v 8 8
v 9 9
v 10 10
v 11 11
e 3 5 0
e 3 11 0
e 3 2 0
e 3 4 0
e 3 1 0
e 3 7 0
e 3 6 0
e 3 9 0
e 3 8 0
e 3 10 0
e 3 0 0
t # 176
v 0 0
v 1 1
v 2 2
v 3 3
v 4 4
e 4 2 0
e 4 0 2
e 4 0 2
e 4 0 2
e 4 0 2
e 4 0 2
e 4 0 2
e 4 0 2
e 4 0 2
e 4 1 0
e 4 3 0
t # 177
v 0 0
v 1 1
e 1 0 0
t # 178
v 0 0
v 1 1
e 0 1 0
t # 179
v 0 0
v 1 1
v 2 2
e 1 2 0
e 1 0 0
t # 180
v 0 0
v 1 1
e 0 1 0
t # 181
v 0 0
v 1 1
v 2 2
e 1 0 0
e 1 2 0
t # 182
v 0 0
v 1 1
v 2 2
v 3 3
v 4 4
v 5 5
v 6 6
v 7 7
v 8 8
v 9 9
v 10 10
v 11 11
v 12 12
v 13 13
e 1 11 0
e 1 9 0
e 1 4 0
e 1 10 0
e 1 0 0
e 1 5 0
e 1 13 0
e 1 7 0
e 1 2 0
e 1 3 0
e 1 6 0
e 1 12 0
e 1 8 0
t # 183
v 0 0
v 1 1
v 2 2
v 3 3
v 4 4
v 5 5
v 6 6
v 7 7
v 8 8
v 9 9
v 10 10
v 11 11
v 12 12
v 13 13
v 14 14
e 7 3 1
e 7 13 1
e 7 11 0
e 7 8 0
e 7 6 0
e 7 14 0
e 7 4 0
e 7 12 0
e 7 9 0
e 7 1 0
e 7 2 0
e 7 10 1
e 7 0 1
e 7 5 0
t # 184
v 0 0
v 1 1
e 1 0 0
t # 185
v 0 0
v 1 1
v 2 2
e 2 1 1
e 2 0 1
t # 186
v 0 0
v 1 1
e 1 0 0
t # 187
v 0 0
v 1 1
e 1 0 0
t # 188
v 0 0
v 1 1
v 2 2
e 2 1 1
e 2 1 1
e 2 0 0
t # 189
v 0 0
v 1 1
v 2 2
v 3 3
v 4 4
v 5 5
v 6 6
v 7 7
e 2 7 1
e 2 0 1
e 2 5 1
e 2 6 1
e 2 4 1
e 2 3 0
e 2 1 0
t # 190
v 0 0
v 1 1
e 1 0 0
t # 191
v 0 0
v 1 1
v 2 2
v 3 3
v 4 4
v 5 5
v 6 6
v 7 7
v 8 8
v 9 9
v 10 10
v 11 11
v 12 12
e 6 0 0
e 6 1 1
e 6 12 0
e 6 5 0
e 6 8 0
e 6 4 0
e 6 7 0
e 6 2 0
e 6 11 0
e 6 3 0
e 6 10 0
e 6 9 0
t # 192
v 0 0
v 1 1
e 1 0 1
e 1 0 1
e 1 0 1
t # 193
v 0 0
v 1 1
e 0 1 0
t # 194
v 0 0
v 1 1
e 0 1 0
t # 195
v 0 0
v 1 1
v 2 2
e 2 0 0
e 2 1 0
t # 196
v 0 0
v 1 1
e 0 1 0
t # 197
v 0 0
v 1 1
e 0 1 0
t # 198
v 0 0
v 1 1
v 2 2
e 0 1 1
e 0 2 1
t # 199
v 0 0
v 1 1
e 1 0 0
t # 200
v 0 0
v 1 1
v 2 2
v 3 3
e 1 0 0
e 1 2 0
e 1 3 0
t # 201
v 0 0
v 1 1
v 2 2
v 3 3
e 1 0 0
e 1 3 0
e 1 2 0
t # 202
v 0 0
v 1 1
v 2 2
v 3 3
v 4 4
v 5 5
v 6 6
e 5 0 0
e 5 1 0
e 5 4 0
e 5 3 0
e 5 2 0
e 5 6 0
t # 203
v 0 0
v 1 1
e 1 0 0
e 1 0 0
t # 204
v 0 0
v 1 1
v 2 2
v 3 3
v 4 4
v 5 5
v 6 6
v 7 7
v 8 8
v 9 9
v 10 10
v 11 11
v 12 12
v 13 13
v 14 14
v 15 15
v 16 16
e 10 8 0
e 10 14 0
e 10 4 0
e 10 5 0
e 10 2 0
e 10 16 0
e 10 15 0
e 10 11 0
e 10 0 0
e 10 1 0
e 10 6 0
e 10 3 0
e 10 12 0
e 10 9 1
e 10 13 1
e 10 7 1
t # 205
v 0 0
v 1 1
e 0 1 0
t # 206
v 0 0
v 1 1
e 1 0 0
t # 207
v 0 0
v 1 1
v 2 2
v 3 3
v 4 4
v 5 5
v 6 6
v 7 7
v 8 8
v 9 9
v 10 10
v 11 11
v 12 12
v 13 13
e 2 4 0
e 2 11 0
e 2 10 0
e 2 5 0
e 2 12 0
e 2 6 0
e 2 3 0
e 2 9 0
e 2 1 0
e 2 13 0
e 2 0 0
e 2 7 0
e 2 8 0
t # 208
v 0 0
v 1 1
e 0 1 0
t # 209
v 0 0
v 1 1
v 2 2
v 3 3
e 0 3 0
e 0 1 0
e 0 2 0
t # 210
v 0 0
v 1 1
v 2 2
e 0 1 1
e 0 2 1
t # 211
v 0 0
v 1 1
e 1 0 0
t # 212
v 0 0
v 1 1
v 2 2
e 2 0 0
e 2 1 0
t # 213
v 0 0
v 1 1
v 2 2
e 0 2 0
e 0 1 0
t # 214
v 0 0
v 1 1
e 1 0 0
t # 215
v 0 0
v 1 1
e 1 0 1
e 1 0 1
t # 216
v 0 0
v 1 1
e 1 0 0
t # 217
v 0 0
v 1 1
v 2 2
v 3 3
v 4 4
v 5 5
v 6 6
v 7 7
v 8 8
v 9 9
v 10 10
v 11 11
v 12 12
e 12 3 0
e 12 1 0
e 12 6 1
e 12 10 1
e 12 7 1
e 12 8 1
e 12 0 0
e 12 4 0
e 12 11 0
e 12 9 0
e 12 5 0
e 12 2 0
t # 218
v 0 0
v 1 1
v 2 2
v 3 3
v 4 4
e 2 4 2
e 2 4 2
e 2 0 2
e 2 3 2
e 2 1 2
e 2 1 2
e 2 1 2
t # 219
v 0 0
v 1 1
v 2 2
v 3 3
v 4 4
e 1 3 0
e 1 4 0
e 1 2 0
e 1 0 0
t # 220
v 0 0
v 1 1
v 2 2
v 3 3
e 2 1 0
e 2 3 0
e 2 0 0
t # 221
v 0 0
v 1 1
e 1 0 0
t # 222
v 0 0
v 1 1
v 2 2
v 3 3
v 4 4
v 5 5
e 2 4 0
e 2 5 1
e 2 5 1
e 2 1 1
e 2 0 0
e 2 3 0
t # 223
v 0 0
v 1 1
e 0 1 0
t # 224
v 0 0
v 1 1
e 1 0 1
t # 225
v 0 0
v 1 1
e 1 0 0
t # 226
v 0 0
v 1 1
v 2 2
v 3 3
v 4 4
v 5 5
v 6 6
v 7 7
e 4 1 0
e 4 3 1
e 4 6 0
e 4 2 0
e 4 7 0
e 4 0 0
e 4 5 0
t # 227
v 0 0
v 1 1
e 1 0 1
t # 228
v 0 0
v 1 1
v 2 2
v 3 3
v 4 4
v 5 5
v 6 6
v 7 7
v 8 8
v 9 9
v 10 10
v 11 11
v 12 12
v 13 13
v 14 14
v 15 15
v 16 16
v 17 17
v 18 18
v 19 19
v 20 20
v 21 21
e 14 0 0
e 14 6 0
e 14 1 0
e 14 3 0
e 14 8 0
e 14 10 0
e 14 20 0
e 14 11 0
e 14 16 0
e 14 12 0
e 14 9 0
e 14 5 0
e 14 7 0
e 14 4 0
e 14 13 0
e 14 18 0
e 14 15 0
e 14 21 0
e 14 19 0
e 14 2 0
e 14 17 0
e 14 12 0
e 14 12 0
e 14 12 0
t # 229
v 0 0
v 1 1
v 2 2
v 3 3
v 4 4
v 5 5
v 6 6
v 7 7
v 8 8
v 9 9
v 10 10
v 11 11
v 12 12
v 13 13
v 14 14
v 15 15
v 16 16
v 17 17
v 18 18
v 19 19
v 20 20
e 11 8 0
e 11 10 0
e 11 4 0
e 11 15 0
e 11 9 0
e 11 0 0
e 11 5 0
e 11 19 0
e 11 3 0
e 11 16 0
e 11 18 0
e 11 17 0
e 11 13 0
e 11 14 0
e 11 20 0
e 11 12 0
e 11 6 0
e 11 1 0
e 11 7 0
e 11 2 0
t # 230
v 0 0
v 1 1
v 2 2
v 3 3
v 4 4
v 5 5
v 6 6
v 7 7
v 8 8
v 9 9
v 10 10
v 11 11
v 12 12
v 13 13
v 14 14
v 15 15
v 16 16
v 17 17
v 18 18
v 19 19
v 20 20
v 21 21
v 22 22
v 23 23
v 24 24
v 25 25
v 26 26
v 27 27
v 28 28
v 29 29
v 30 30
v 31 31
v 32 32
v 33 33
v 34 34
v 35 35
v 36 36
v 37 37
v 38 38
v 39 39
v 40 40
v 41 41
v 42 42
v 43 43
v 44 44
v 45 45
v 46 46
v 47 47
v 48 48
v 49 49
v 50 50
v 51 51
v 52 52
v 53 53
v 54 54
v 55 55
v 56 56
v 57 57
v 58 58
v 59 59
v 60 60
v 61 61
v 62 62
v 63 63
v 64 64
v 65 65
v 66 66
v 67 67
v 68 68
v 69 69
v 70 70
v 71 71
v 72 72
e 51 57 0
e 51 70 0
e 51 72 0
e 51 12 0
e 51 1 0
e 51 27 0
e 51 64 0
e 51 13 1
e 51 22 1
e 51 4 0
e 51 61 1
e 51 67 1
e 51 21 1
e 51 58 0
e 51 48 0
e 51 68 0
e 51 11 0
e 51 3 0
e 51 49 0
e 51 45 1
e 51 37 1
e 51 56 0
e 51 6 0
e 51 7 0
e 51 50 0
e 51 9 0
e 51 52 0
e 51 10 0
e 51 69 0
e 51 36 0
e 51 59 0
e 51 34 0
e 51 8 0
e 51 66 0
e 51 41 0
e 51 5 0
e 51 19 0
e 51 38 0
e 51 29 0
e 51 60 0
e 51 20 0
e 51 14 0
e 51 55 0
e 51 0 0
e 51 43 0
e 51 26 0
e 51 24 0
e 51 62 0
e 51 18 0
e 51 23 0
e 51 35 0
e 51 63 0
e 51 33 0
e 51 30 0
e 51 71 0
e 51 28 1
e 51 16 0
e 51 40 0
e 51 47 0
e 51 17 0
e 51 42 0
e 51 44 0
e 51 39 0
e 51 65 0
e 51 53 0
e 51 15 0
e 51 32 0
e 51 46 0
e 51 31 0
e 51 25 0
e 51 54 1
e 51 2 1
t # 231
v 0 0
v 1 1
e 1 0 0
t # 232
v 0 0
v 1 1
v 2 2
v 3 3
e 0 2 0
e 0 1 0
e 0 3 0
t # 233
v 0 0
v 1 1
v 2 2
v 3 3
v 4 4
v 5 5
v 6 6
v 7 7
v 8 8
e 3 7 1
e 3 5 1
e 3 8 0
e 3 6 0
e 3 2 0
e 3 0 0
e 3 1 1
e 3 4 1
t # 234
v 0 0
v 1 1
v 2 2
v 3 3
v 4 4
v 5 5
v 6 6
v 7 7
v 8 8
v 9 9
v 10 10
v 11 11
v 12 12
v 13 13
v 14 14
v 15 15
v 16 16
v 17 17
v 18 18
v 19 19
v 20 20
v 21 21
v 22 22
v 23 23
v 24 24
v 25 25
v 26 26
v 27 27
v 28 28
v 29 29
v 30 30
v 31 31
v 32 32
v 33 33
v 34 34
v 35 35
v 36 36
v 37 37
v 38 38
v 39 39
v 40 40
e 1 8 0
e 1 34 0
e 1 27 0
e 1 24 0
e 1 17 0
e 1 3 0
e 1 5 0
e 1 22 0
e 1 0 0
e 1 15 0
e 1 40 0
e 1 35 0
e 1 2 0
e 1 29 0
e 1 25 0
e 1 9 0
e 1 6 0
e 1 38 0
e 1 33 0
e 1 31 0
e 1 36 0
e 1 37 0
e 1 10 0
e 1 14 1
e 1 14 1
e 1 18 0
e 1 23 0
e 1 13 0
e 1 16 0
e 1 20 0
e 1 19 0
e 1 7 0
e 1 26 0
e 1 30 0
e 1 4 0
e 1 28 0
e 1 21 0
e 1 39 0
e 1 32 0
e 1 12 0
e 1 11 0
t # 235
v 0 0
v 1 1
v 2 2
v 3 3
v 4 4
v 5 5
v 6 6
v 7 7
v 8 8
v 9 9
v 10 10
v 11 11
v 12 12
v 13 13
e 4 9 0
e 4 2 0
e 4 5 0
e 4 3 0
e 4 12 0
e 4 13 0
e 4 6 0
e 4 7 0
e 4 8 0
e 4 0 0
e 4 10 0
e 4 1 0
e 4 11 0
t # 236
v 0 0
v 1 1
v 2 2
v 3 3
v 4 4
v 5 5
v 6 6
v 7 7
v 8 8
v 9 9
v 10 10
v 11 11
v 12 12
v 13 13
v 14 14
v 15 15
v 16 16
v 17 17
v 18 18
v 19 19
v 20 20
v 21 21
v 22 22
v 23 23
v 24 24
v 25 25
v 26 26
v 27 27
v 28 28
v 29 29
v 30 30
v 31 31
v 32 32
v 33 33
v 34 34
v 35 35
v 36 36
v 37 37
v 38 38
v 39 39
v 40 40
v 41 41
v 42 42
v 43 43
v 44 44
v 45 45
v 46 46
v 47 47
v 48 48
v 49 49
v 50 50
v 51 51
v 52 52
e 17 13 0
e 17 22 1
e 17 28 1
e 17 28 1
e 17 11 0
e 17 18 0
e 17 38 0
e 17 20 0
e 17 8 0
e 17 26 0
e 17 33 0
e 17 7 0
e 17 23 0
e 17 15 0
e 17 32 0
e 17 12 0
e 17 36 0
e 17 21 0
e 17 41 0
e 17 48 0
e 17 0 0
e 17 16 0
e 17 2 0
e 17 25 0
e 17 30 0
e 17 49 0
e 17 45 0
e 17 9 0
e 17 43 0
e 17 51 0
e 17 39 0
e 17 24 0
e 17 48 0
e 17 21 0
e 17 5 0
e 17 21 0
e 17 40 0
e 17 1 0
e 17 4 0
e 17 8 0
e 17 34 0
e 17 6 0
e 17 45 0
e 17 14 0
e 17 33 0
e 17 50 0
e 17 30 0
e 17 19 0
e 17 27 0
e 17 44 0
e 17 49 0
e 17 52 0
e 17 47 0
e 17 29 0
e 17 21 0
e 17 24 0
e 17 21 0
e 17 46 1
e 17 46 1
e 17 19 0
e 17 3 0
e 17 31 0
e 17 37 0
e 17 10 0
e 17 42 0
e 17 35 0
t # 237
v 0 0
v 1 1
v 2 2
v 3 3
v 4 4
v 5 5
v 6 6
v 7 7
e 5 2 0
e 5 1 0
e 5 4 0
e 5 0 0
e 5 6 0
e 5 7 0
e 5 3 0
t # 238
v 0 0
v 1 1
e 1 0 1
t # 239
v 0 0
v 1 1
v 2 2
v 3 3
v 4 4
v 5 5
e 4 3 1
e 4 0 1
e 4 2 1
e 4 2 1
e 4 5 2
e 4 1 2
t # 240
v 0 0
v 1 1
v 2 2
v 3 3
e 3 1 0
e 3 0 0
e 3 2 0
t # 241
v 0 0
v 1 1
v 2 2
e 1 0 0
e 1 2 0
t # 242
v 0 0
v 1 1
e 1 0 0
t # 243
v 0 0
v 1 1
e 0 1 0
t # 244
v 0 0
v 1 1
v 2 2
e 2 1 0
e 2 0 0
t # 245
v 0 0
v 1 1
e 0 1 0
t # 246
v 0 0
v 1 1
v 2 2
v 3 3
e 1 0 0
e 1 2 0
e 1 3 0
t # 247
v 0 0
v 1 1
e 0 1 0
t # 248
v 0 0
v 1 1
v 2 2
v 3 3
v 4 4
e 0 4 0
e 0 1 0
e 0 2 0
e 0 3 0
t # 249
v 0 0
v 1 1
v 2 2
v 3 3
v 4 4
v 5 5
v 6 6
v 7 7
v 8 8
v 9 9
v 10 10
v 11 11
v 12 12
v 13 13
v 14 14
v 15 15
v 16 16
v 17 17
v 18 18
v 19 19
v 20 20
v 21 21
v 22 22
v 23 23
v 24 24
v 25 25
v 26 26
v 27 27
v 28 28
v 29 29
v 30 30
v 31 31
v 32 32
v 33 33
v 34 34
v 35 35
v 36 36
v 37 37
v 38 38
v 39 39
v 40 40
v 41 41
v 42 42
v 43 43
v 44 44
v 45 45
v 46 46
v 47 47
v 48 48
v 49 49
v 50 50
v 51 51
v 52 52
v 53 53
v 54 54
v 55 55
v 56 56
v 57 57
v 58 58
v 59 59
v 60 60
v 61 61
v 62 62
v 63 63
v 64 64
v 65 65
v 66 66
v 67 67
v 68 68
v 69 69
v 70 70
v 71 71
v 72 72
v 73 73
v 74 74
v 75 75
v 76 76
v 77 77
v 78 78
v 79 79
v 80 80
v 81 81
v 82 82
v 83 83
v 84 84
v 85 85
v 86 86
v 87 87
v 88 88
v 89 89
v 90 90
v 91 91
v 92 92
v 93 93
v 94 94
v 95 95
v 96 96
v 97 97
v 98 98
v 99 99
v 100 100
v 101 101
v 102 102
v 103 103
v 104 104
v 105 105
v 106 106
v 107 107
v 108 108
v 109 109
v 110 110
v 111 111
v 112 112
v 113 113
v 114 114
v 115 115
v 116 116
v 117 117
v 118 118
v 119 119
v 120 120
v 121 121
v 122 122
v 123 123
v 124 124
v 125 125
v 126 126
v 127 127
v 128 128
v 129 129
v 130 130
e 84 54 0
e 84 13 0
e 84 81 0
e 84 113 0
e 84 78 0
e 84 72 0
e 84 67 0
e 84 8 0
e 84 109 0
e 84 47 0
e 84 92 0
e 84 96 0
e 84 107 0
e 84 21 0
e 84 86 0
e 84 35 0
e 84 36 0
e 84 102 0
e 84 27 0
e 84 55 0
e 84 122 0
e 84 111 0
e 84 112 0
e 84 129 0
e 84 101 0
e 84 73 0
e 84 130 0
e 84 23 0
e 84 97 0
e 84 33 0
e 84 9 0
e 84 6 0
e 84 44 0
e 84 3 0
e 84 51 0
e 84 125 0
e 84 108 0
e 84 85 0
e 84 76 0
e 84 63 0
e 84 94 0
e 84 5 0
e 84 114 0
e 84 22 0
e 84 30 0
e 84 121 0
e 84 14 0
e 84 61 0
e 84 99 0
e 84 18 0
e 84 66 0
e 84 41 0
e 84 58 0
e 84 52 0
e 84 39 0
e 84 15 0
e 84 119 0
e 84 79 0
e 84 25 0
e 84 95 0
e 84 42 0
e 84 34 0
e 84 89 0
e 84 50 0
e 84 105 0
e 84 90 0
e 84 106 0
e 84 87 0
e 84 91 0
e 84 98 0
e 84 45 0
e 84 20 0
e 84 82 0
e 84 11 0
e 84 123 0
e 84 69 0
e 84 93 0
e 84 117 0
e 84 110 0
e 84 70 0
e 84 24 0
e 84 29 0
e 84 74 0
e 84 115 0
e 84 68 0
e 84 32 0
e 84 71 0
e 84 0 0
e 84 65 0
e 84 49 0
e 84 118 0
e 84 43 0
e 84 57 0
e 84 64 0
e 84 100 0
e 84 88 0
e 84 31 0
e 84 104 0
e 84 103 0
e 84 126 0
e 84 59 0
e 84 56 0
e 84 46 0
e 84 59 0
e 84 16 0
e 84 62 0
e 84 77 0
e 84 37 0
e 84 116 0
e 84 38 0
e 84 2 0
e 84 120 0
e 84 40 1
e 84 40 1
e 84 4 1
e 84 124 0
e 84 127 0
e 84 75 0
e 84 53 0
e 84 128 0
e 84 7 0
e 84 12 0
e 84 10 0
e 84 48 0
e 84 1 0
e 84 28 1
e 84 60 1
e 84 17 0
e 84 26 1
e 84 19 1
e 84 83 1
e 84 80 1
t # 250
v 0 0
v 1 1
v 2 2
e 1 0 0
e 1 2 0
t # 251
v 0 0
v 1 1
e 1 0 0
t # 252
v 0 0
v 1 1
v 2 2
e 0 2 0
e 0 1 0
t # 253
v 0 0
v 1 1
v 2 2
v 3 3
e 2 3 1
e 2 0 1
e 2 1 1
t # 254
v 0 0
v 1 1
v 2 2
v 3 3
v 4 4
v 5 5
v 6 6
v 7 7
v 8 8
v 9 9
e 7 6 0
e 7 0 0
e 7 3 0
e 7 8 0
e 7 1 0
e 7 6 0
e 7 2 0
e 7 4 0
e 7 9 0
e 7 5 0
t # 255
v 0 0
v 1 1
v 2 2
v 3 3
v 4 4
v 5 5
v 6 6
v 7 7
v 8 8
v 9 9
v 10 10
v 11 11
v 12 12
e 4 11 0
e 4 6 0
e 4 10 0
e 4 12 0
e 4 9 0
e 4 1 0
e 4 0 0
e 4 7 0
e 4 3 0
e 4 5 0
e 4 8 0
e 4 2 0
t # 256
v 0 0
v 1 1
v 2 2
v 3 3
v 4 4
v 5 5
v 6 6
v 7 7
v 8 8
v 9 9
v 10 10
v 11 11
v 12 12
e 3 7 0
e 3 12 1
e 3 0 1
e 3 0 1
e 3 10 0
e 3 1 1
e 3 1 1
e 3 11 1
e 3 9 0
e 3 6 0
e 3 2 1
e 3 2 1
e 3 2 1
e 3 2 1
e 3 2 1
e 3 8 0
e 3 4 0
e 3 5 1
e 3 5 1
t # 257
v 0 0
v 1 1
v 2 2
e 0 1 0
e 0 2 0
t # 258
v 0 0
v 1 1
v 2 2
v 3 3
v 4 4
v 5 5
v 6 6
v 7 7
v 8 8
v 9 9
v 10 10
v 11 11
v 12 12
v 13 13
v 14 14
v 15 15
v 16 16
v 17 17
v 18 18
v 19 19
v 20 20
e 18 8 0
e 18 7 1
e 18 6 1
e 18 11 1
e 18 3 0
e 18 20 0
e 18 0 0
e 18 3 0
e 18 12 0
e 18 19 0
e 18 1 0
e 18 16 0
e 18 9 0
e 18 13 0
e 18 14 0
e 18 17 0
e 18 4 0
e 18 10 0
e 18 5 1
e 18 15 1
e 18 2 0
t # 259
v 0 0
v 1 1
v 2 2
v 3 3
v 4 4
v 5 5
e 2 1 1
e 2 1 1
e 2 3 1
e 2 0 0
e 2 5 0
e 2 4 0
t # 260
v 0 0
v 1 1
e 1 0 0
t # 261
v 0 0
v 1 1
v 2 2
v 3 3
e 0 2 0
e 0 1 0
e 0 3 0
t # 262
v 0 0
v 1 1
v 2 2
v 3 3
v 4 4
v 5 5
v 6 6
v 7 7
v 8 8
v 9 9
v 10 10
e 1 9 2
e 1 3 2
e 1 3 2
e 1 3 2
e 1 3 2
e 1 3 2
e 1 3 2
e 1 6 2
e 1 10 2
e 1 10 2
e 1 10 2
e 1 10 2
e 1 10 2
e 1 10 2
e 1 7 2
e 1 7 2
e 1 7 2
e 1 2 2
e 1 4 2
e 1 4 2
e 1 4 2
e 1 8 2
e 1 8 2
e 1 8 2
e 1 8 2
e 1 8 2
e 1 8 2
e 1 0 2
e 1 5 2
t # 263
v 0 0
v 1 1
v 2 2
v 3 3
v 4 4
v 5 5
v 6 6
v 7 7
v 8 8
v 9 9
v 10 10
v 11 11
v 12 12
v 13 13
v 14 14
v 15 15
v 16 16
v 17 17
v 18 18
v 19 19
v 20 20
v 21 21
v 22 22
v 23 23
v 24 24
v 25 25
v 26 26
v 27 27
v 28 28
v 29 29
e 20 0 0
e 20 18 1
e 20 18 1
e 20 26 0
e 20 29 0
e 20 2 0
e 20 11 0
e 20 10 0
e 20 3 0
e 20 24 0
e 20 16 0
e 20 25 0
e 20 12 0
e 20 8 0
e 20 5 0
e 20 16 0
e 20 9 0
e 20 4 0
e 20 1 0
e 20 23 0
e 20 28 0
e 20 17 0
e 20 0 0
e 20 7 0
e 20 15 0
e 20 6 0
e 20 27 0
e 20 21 0
e 20 22 0
e 20 19 0
e 20 13 0
e 20 14 0
e 20 13 0
t # 264
v 0 0
v 1 1
v 2 2
v 3 3
v 4 4
v 5 5
e 0 1 0
e 0 3 0
e 0 2 0
e 0 4 0
e 0 5 0
t # 265
v 0 0
v 1 1
e 1 0 0
t # 266
v 0 0
v 1 1
e 0 1 0
t # 267
v 0 0
v 1 1
e 0 1 0
t # 268
v 0 0
v 1 1
v 2 2
v 3 3
v 4 4
v 5 5
v 6 6
e 2 1 2
e 2 4 2
e 2 5 2
e 2 6 2
e 2 0 2
e 2 3 2
t # 269
v 0 0
v 1 1
e 0 1 0
t # 270
v 0 0
v 1 1
v 2 2
v 3 3
v 4 4
v 5 5
v 6 6
v 7 7
v 8 8
v 9 9
v 10 10
v 11 11
v 12 12
v 13 13
v 14 14
v 15 15
v 16 16
v 17 17
v 18 18
v 19 19
v 20 20
v 21 21
v 22 22
v 23 23
v 24 24
v 25 25
v 26 26
e 23 26 0
e 23 14 0
e 23 19 2
e 23 2 2
e 23 5 2
e 23 6 2
e 23 15 2
e 23 16 2
e 23 21 2
e 23 10 2
e 23 17 2
e 23 1 2
e 23 13 2
e 23 24 2
e 23 8 2
e 23 25 2
e 23 7 2
e 23 3 2
e 23 4 2
e 23 22 2
e 23 18 2
e 23 0 2
e 23 11 2
e 23 12 2
e 23 9 2
e 23 20 0
t # 271
v 0 0
v 1 1
e 0 1 0
t # 272
v 0 0
v 1 1
v 2 2
v 3 3
v 4 4
v 5 5
v 6 6
v 7 7
v 8 8
v 9 9
e 4 5 0
e 4 2 0
e 4 7 0
e 4 0 0
e 4 9 0
e 4 8 0
e 4 1 0
e 4 3 0
e 4 6 0
t # 273
v 0 0
v 1 1
v 2 2
e 1 0 0
e 1 2 0
t # 274
v 0 0
v 1 1
v 2 2
v 3 3
v 4 4
v 5 5
v 6 6
v 7 7
e 1 0 0
e 1 2 0
e 1 5 0
e 1 6 0
e 1 3 0
e 1 4 0
e 1 7 0
t # 275
v 0 0
v 1 1
v 2 2
v 3 3
v 4 4
v 5 5
v 6 6
v 7 7
v 8 8
v 9 9
v 10 10
v 11 11
v 12 12
v 13 13
v 14 14
v 15 15
v 16 16
v 17 17
v 18 18
v 19 19
v 20 20
v 21 21
v 22 22
v 23 23
v 24 24
v 25 25
v 26 26
v 27 27
v 28 28
v 29 29
v 30 30
v 31 31
v 32 32
v 33 33
v 34 34
v 35 35
v 36 36
v 37 37
v 38 38
v 39 39
v 40 40
v 41 41
e 16 34 0
e 16 33 0
e 16 38 0
e 16 24 0
e 16 18 0
e 16 7 0
e 16 11 0
e 16 39 0
e 16 35 0
e 16 23 0
e 16 27 0
e 16 26 0
e 16 1 0
e 16 9 0
e 16 40 0
e 16 14 0
e 16 19 0
e 16 2 0
e 16 17 0
e 16 6 0
e 16 4 0
e 16 36 0
e 16 8 0
e 16 21 0
e 16 0 0
e 16 15 0
e 16 41 0
e 16 30 0
e 16 31 0
e 16 22 0
e 16 25 0
e 16 3 0
e 16 20 0
e 16 8 0
e 16 12 0
e 16 11 0
e 16 13 0
e 16 5 0
e 16 10 0
e 16 37 0
e 16 29 0
e 16 32 0
e 16 28 0
t # 276
v 0 0
v 1 1
e 1 0 0
t # 277
v 0 0
v 1 1
v 2 2
v 3 3
e 1 0 0
e 1 2 0
e 1 3 0
t # 278
v 0 0
v 1 1
e 1 0 0
t # 279
v 0 0
v 1 1
v 2 2
v 3 3
v 4 4
v 5 5
v 6 6
v 7 7
v 8 8
v 9 9
v 10 10
v 11 11
v 12 12
v 13 13
v 14 14
v 15 15
e 14 8 0
e 14 4 0
e 14 7 0
e 14 2 0
e 14 12 0
e 14 0 0
e 14 11 0
e 14 13 0
e 14 3 0
e 14 9 0
e 14 6 0
e 14 10 0
e 14 5 0
e 14 15 0
e 14 1 0
t # 280
v 0 0
v 1 1
e 1 0 0
t # 281
v 0 0
v 1 1
v 2 2
v 3 3
e 0 2 0
e 0 1 0
e 0 3 0
t # 282
v 0 0
v 1 1
e 0 1 0
t # 283
v 0 0
v 1 1
v 2 2
v 3 3
e 2 1 0
e 2 3 0
e 2 0 0
t # 284
v 0 0
v 1 1
v 2 2
e 0 1 0
e 0 2 0
t # 285
v 0 0
v 1 1
e 1 0 0
t # 286
v 0 0
v 1 1
v 2 2
v 3 3
v 4 4
e 4 2 0
e 4 0 0
e 4 3 1
e 4 1 1
t # 287
v 0 0
v 1 1
v 2 2
v 3 3
v 4 4
e 2 4 0
e 2 3 0
e 2 1 0
e 2 0 0
t # 288
v 0 0
v 1 1
e 0 1 0
t # 289
v 0 0
v 1 1
e 1 0 0
t # 290
v 0 0
v 1 1
v 2 2
v 3 3
v 4 4
v 5 5
e 0 2 0
e 0 5 0
e 0 4 0
e 0 1 0
e 0 3 0
t # 291
v 0 0
v 1 1
v 2 2
v 3 3
v 4 4
v 5 5
e 2 4 0
e 2 1 0
e 2 5 0
e 2 0 0
e 2 3 0
t # 292
v 0 0
v 1 1
v 2 2
e 0 2 0
e 0 1 0
t # 293
v 0 0
v 1 1
v 2 2
v 3 3
v 4 4
v 5 5
v 6 6
v 7 7
v 8 8
v 9 9
v 10 10
v 11 11
v 12 12
v 13 13
v 14 14
v 15 15
v 16 16
v 17 17
v 18 18
v 19 19
v 20 20
v 21 21
v 22 22
v 23 23
v 24 24
v 25 25
v 26 26
v 27 27
v 28 28
v 29 29
v 30 30
v 31 31
v 32 32
v 33 33
v 34 34
v 35 35
v 36 36
v 37 37
v 38 38
v 39 39
v 40 40
v 41 41
v 42 42
v 43 43
v 44 44
v 45 45
v 46 46
v 47 47
v 48 48
v 49 49
v 50 50
v 51 51
v 52 52
v 53 53
v 54 54
v 55 55
v 56 56
v 57 57
v 58 58
v 59 59
v 60 60
v 61 61
v 62 62
v 63 63
v 64 64
v 65 65
v 66 66
v 67 67
v 68 68
v 69 69
v 70 70
v 71 71
v 72 72
v 73 73
v 74 74
v 75 75
v 76 76
v 77 77
v 78 78
v 79 79
v 80 80
v 81 81
v 82 82
v 83 83
e 25 69 2
e 25 37 2
e 25 37 2
e 25 37 2
e 25 57 2
e 25 31 0
e 25 24 0
e 25 53 0
e 25 36 0
e 25 81 0
e 25 80 0
e 25 23 0
e 25 9 0
e 25 56 0
e 25 59 0
e 25 24 0
e 25 12 0
e 25 61 0
e 25 67 0
e 25 54 0
e 25 80 0
e 25 32 0
e 25 18 0
e 25 2 0
e 25 65 0
e 25 60 0
e 25 24 0
e 25 66 0
e 25 4 0
e 25 1 0
e 25 80 0
e 25 22 0
e 25 75 0
e 25 28 0
e 25 35 0
e 25 6 0
e 25 24 0
e 25 46 0
e 25 42 0
e 25 72 0
e 25 68 0
e 25 48 0
e 25 39 0
e 25 13 0
e 25 34 0
e 25 45 0
e 25 51 0
e 25 78 0
e 25 64 0
e 25 42 0
e 25 32 0
e 25 18 0
e 25 2 0
e 25 65 0
e 25 60 0
e 25 24 0
e 25 66 0
e 25 1 0
e 25 80 0
e 25 3 0
e 25 50 0
e 25 5 0
e 25 43 0
e 25 62 0
e 25 79 0
e 25 24 0
e 25 63 0
e 25 46 0
e 25 48 0
e 25 76 0
e 25 16 0
e 25 52 0
e 25 21 0
e 25 17 0
e 25 58 0
e 25 24 0
e 25 46 0
e 25 15 0
e 25 8 0
e 25 73 0
e 25 10 0
e 25 7 0
e 25 44 0
e 25 82 0
e 25 74 0
e 25 30 0
e 25 24 0
e 25 20 0
e 25 19 0
e 25 0 1
e 25 0 1
e 25 26 1
e 25 55 2
e 25 29 2
e 25 83 2
e 25 77 2
e 25 71 0
e 25 33 1
e 25 70 1
e 25 41 1
e 25 27 1
e 25 11 0
e 25 49 0
e 25 47 1
e 25 38 1
e 25 40 0
e 25 14 0
t # 294
v 0 0
v 1 1
e 1 0 0
t # 295
v 0 0
v 1 1
v 2 2
v 3 3
v 4 4
e 3 1 0
e 3 2 0
e 3 0 0
e 3 4 0
t # 296
v 0 0
v 1 1
v 2 2
e 1 0 2
e 1 2 2
e 1 2 2
t # 297
v 0 0
v 1 1
v 2 2
v 3 3
v 4 4
v 5 5
v 6 6
e 6 4 0
e 6 5 0
e 6 0 0
e 6 2 0
e 6 1 0
e 6 3 0
t # 298
v 0 0
v 1 1
e 0 1 0
t # 299
v 0 0
v 1 1
v 2 2
v 3 3
v 4 4
v 5 5
v 6 6
v 7 7
v 8 8
v 9 9
v 10 10
e 1 9 2
e 1 2 2
e 1 4 2
e 1 4 2
e 1 4 2
e 1 4 2
e 1 4 2
e 1 3 2
e 1 5 2
e 1 5 2
e 1 5 2
e 1 5 2
e 1 5 2
e 1 10 2
e 1 10 2
e 1 10 2
e 1 10 2
e 1 8 2
e 1 8 2
e 1 8 2
e 1 8 2
e 1 8 2
e 1 8 2
e 1 8 2
e 1 0 2
e 1 7 2
e 1 6 2
e 1 6 2
e 1 6 2
e 1 6 2
e 1 6 2
e 1 6 2
t # 300
v 0 0
v 1 1
v 2 2
v 3 3
v 4 4
v 5 5
v 6 6
v 7 7
v 8 8
v 9 9
e 7 8 0
e 7 4 0
e 7 1 0
e 7 3 0
e 7 9 0
e 7 0 0
e 7 5 0
e 7 6 0
e 7 2 0
t # 301
v 0 0
v 1 1
e 1 0 0
t # 302
v 0 0
v 1 1
v 2 2
v 3 3
v 4 4
v 5 5
v 6 6
v 7 7
v 8 8
v 9 9
v 10 10
v 11 11
v 12 12
v 13 13
v 14 14
v 15 15
v 16 16
v 17 17
e 2 6 0
e 2 0 0
e 2 1 0
e 2 10 0
e 2 4 0
e 2 16 0
e 2 14 0
e 2 11 0
e 2 12 0
e 2 8 0
e 2 7 0
e 2 13 1
e 2 17 1
e 2 9 1
e 2 5 1
e 2 3 0
e 2 15 0
t # 303
v 0 0
v 1 1
v 2 2
e 1 2 0
e 1 0 0
t # 304
v 0 0
v 1 1
e 1 0 0
t # 305
v 0 0
v 1 1
v 2 2
e 0 2 0
e 0 1 0
t # 306
v 0 0
v 1 1
v 2 2
e 0 1 0
e 0 2 0
t # 307
v 0 0
v 1 1
v 2 2
v 3 3
v 4 4
e 1 4 0
e 1 0 0
e 1 2 0
e 1 3 0
t # 308
v 0 0
v 1 1
e 1 0 0
t # 309
v 0 0
v 1 1
v 2 2
e 2 0 0
e 2 1 1
e 2 1 1
t # 310
v 0 0
v 1 1
v 2 2
v 3 3
e 3 1 1
e 3 2 1
e 3 0 1
t # 311
v 0 0
v 1 1
v 2 2
v 3 3
v 4 4
v 5 5
v 6 6
v 7 7
e 2 6 0
e 2 3 0
e 2 1 0
e 2 5 0
e 2 4 0
e 2 7 0
e 2 0 0
t # 312
v 0 0
v 1 1
e 0 1 0
t # 313
v 0 0
v 1 1
v 2 2
e 1 0 0
e 1 2 0
t # 314
v 0 0
v 1 1
v 2 2
e 1 2 0
e 1 0 0
t # 315
v 0 0
v 1 1
e 0 1 1
t # 316
v 0 0
v 1 1
v 2 2
v 3 3
v 4 4
v 5 5
v 6 6
v 7 7
v 8 8
v 9 9
v 10 10
v 11 11
e 2 10 2
e 2 5 2
e 2 7 2
e 2 1 2
e 2 6 2
e 2 9 2
e 2 8 2
e 2 0 2
e 2 0 2
e 2 3 2
e 2 4 2
e 2 7 1
e 2 7 1
e 2 11 1
t # 317
v 0 0
v 1 1
v 2 2
v 3 3
e 0 2 0
e 0 3 0
e 0 1 0
t # 318
v 0 0
v 1 1
e 1 0 0
t # 319
v 0 0
v 1 1
v 2 2
v 3 3
v 4 4
v 5 5
v 6 6
v 7 7
v 8 8
v 9 9
v 10 10
v 11 11
v 12 12
v 13 13
v 14 14
v 15 15
v 16 16
v 17 17
v 18 18
e 5 12 2
e 5 1 2
e 5 17 2
e 5 18 2
e 5 7 2
e 5 13 2
e 5 6 2
e 5 15 2
e 5 4 2
e 5 11 2
e 5 16 2
e 5 0 2
e 5 9 2
e 5 10 2
e 5 3 2
e 5 8 2
e 5 2 2
e 5 14 2
t # 320
v 0 0
v 1 1
e 0 1 0
t # 321
v 0 0
v 1 1
v 2 2
v 3 3
v 4 4
v 5 5
v 6 6
v 7 7
v 8 8
v 9 9
v 10 10
v 11 11
v 12 12
v 13 13
v 14 14
v 15 15
v 16 16
v 17 17
v 18 18
v 19 19
v 20 20
v 21 21
v 22 22
e 0 2 0
e 0 10 0
e 0 14 0
e 0 4 0
e 0 15 0
e 0 3 0
e 0 17 0
e 0 5 0
e 0 9 0
e 0 7 0
e 0 18 0
e 0 19 0
e 0 6 0
e 0 20 0
e 0 22 0
e 0 12 0
e 0 1 0
e 0 21 0
e 0 11 0
e 0 13 0
e 0 8 0
e 0 16 0
t # 322
v 0 0
v 1 1
e 0 1 0
t # 323
v 0 0
v 1 1
v 2 2
v 3 3
v 4 4
v 5 5
v 6 6
v 7 7
e 5 1 0
e 5 2 0
e 5 7 0
e 5 6 0
e 5 3 0
e 5 4 0
e 5 0 0
t # 324
v 0 0
v 1 1
e 0 1 0
t # 325
v 0 0
v 1 1
v 2 2
v 3 3
v 4 4
v 5 5
v 6 6
v 7 7
v 8 8
e 0 2 2
e 0 1 2
e 0 3 2
e 0 8 2
e 0 4 2
e 0 6 2
e 0 5 2
e 0 7 1
t # 326
v 0 0
v 1 1
v 2 2
v 3 3
e 2 3 1
e 2 0 1
e 2 1 0
t # 327
v 0 0
v 1 1
v 2 2
v 3 3
v 4 4
v 5 5
e 4 5 0
e 4 0 0
e 4 1 0
e 4 3 0
e 4 2 0
t # 328
v 0 0
v 1 1
e 1 0 0
t # 329
v 0 0
v 1 1
e 1 0 0
t # 330
v 0 0
v 1 1
v 2 2
v 3 3
v 4 4
v 5 5
v 6 6
v 7 7
v 8 8
v 9 9
v 10 10
v 11 11
v 12 12
v 13 13
v 14 14
v 15 15
v 16 16
v 17 17
v 18 18
v 19 19
v 20 20
v 21 21
v 22 22
v 23 23
v 24 24
v 25 25
v 26 26
v 27 27
v 28 28
v 29 29
v 30 30
v 31 31
v 32 32
v 33 33
v 34 34
v 35 35
v 36 36
v 37 37
v 38 38
v 39 39
v 40 40
v 41 41
v 42 42
v 43 43
v 44 44
v 45 45
e 40 9 0
e 40 23 2
e 40 10 2
e 40 6 2
e 40 2 2
e 40 19 2
e 40 35 2
e 40 4 2
e 40 0 2
e 40 36 2
e 40 36 2
e 40 1 2
e 40 43 2
e 40 43 2
e 40 29 2
e 40 29 2
e 40 29 2
e 40 8 2
e 40 8 2
e 40 8 2
e 40 8 2
e 40 41 2
e 40 5 2
e 40 44 2
e 40 15 2
e 40 21 2
e 40 18 2
e 40 28 2
e 40 30 2
e 40 12 0
e 40 20 0
e 40 22 0
e 40 45 0
e 40 24 0
e 40 16 0
e 40 14 2
e 40 42 2
e 40 37 2
e 40 13 2
e 40 11 2
e 40 3 2
e 40 39 2
e 40 7 2
e 40 26 2
e 40 38 2
e 40 25 2
e 40 34 2
e 40 32 2
e 40 31 0
e 40 33 0
e 40 27 0
e 40 17 0
t # 331
v 0 0
v 1 1
e 0 1 0
e 0 1 0
t # 332
v 0 0
v 1 1
v 2 2
v 3 3
e 1 0 0
e 1 3 0
e 1 2 0
t # 333
v 0 0
v 1 1
v 2 2
v 3 3
e 2 1 0
e 2 3 0
e 2 0 0
t # 334
v 0 0
v 1 1
e 1 0 0
t # 335
v 0 0
v 1 1
v 2 2
v 3 3
e 2 1 0
e 2 3 0
e 2 0 0
t # 336
v 0 0
v 1 1
v 2 2
v 3 3
v 4 4
v 5 5
v 6 6
v 7 7
v 8 8
v 9 9
v 10 10
v 11 11
v 12 12
v 13 13
v 14 14
v 15 15
v 16 16
v 17 17
v 18 18
v 19 19
e 6 7 0
e 6 19 1
e 6 4 1
e 6 2 0
e 6 13 0
e 6 11 0
e 6 1 0
e 6 14 2
e 6 14 2
e 6 14 2
e 6 14 2
e 6 12 2
e 6 12 2
e 6 17 2
e 6 17 2
e 6 17 2
e 6 17 2
e 6 4 2
e 6 4 2
e 6 8 0
e 6 16 1
e 6 10 1
e 6 0 1
e 6 3 0
e 6 15 0
e 6 9 0
e 6 18 0
e 6 5 0
t # 337
v 0 0
v 1 1
e 1 0 0
t # 338
v 0 0
v 1 1
v 2 2
v 3 3
v 4 4
v 5 5
v 6 6
v 7 7
v 8 8
v 9 9
v 10 10
v 11 11
v 12 12
v 13 13
v 14 14
v 15 15
v 16 16
e 2 3 0
e 2 14 1
e 2 16 1
e 2 8 1
e 2 11 1
e 2 10 1
e 2 13 1
e 2 12 0
e 2 0 1
e 2 7 1
e 2 9 2
e 2 1 2
e 2 6 2
e 2 4 2
e 2 15 1
e 2 5 1
t # 339
v 0 0
v 1 1
v 2 2
v 3 3
v 4 4
e 0 4 0
e 0 2 0
e 0 3 0
e 0 1 0
t # 340
v 0 0
v 1 1
v 2 2
v 3 3
e 3 0 0
e 3 2 0
e 3 1 0
t # 341
v 0 0
v 1 1
v 2 2
v 3 3
v 4 4
e 2 0 0
e 2 0 0
e 2 1 0
e 2 4 0
e 2 3 0
t # 342
v 0 0
v 1 1
e 0 1 0
t # 343
v 0 0
v 1 1
v 2 2
e 2 1 1
e 2 0 1
t # 344
v 0 0
v 1 1
v 2 2
v 3 3
v 4 4
v 5 5
v 6 6
v 7 7
e 4 1 1
e 4 5 1
e 4 2 1
e 4 6 1
e 4 7 1
e 4 3 2
e 4 0 2
t # 345
v 0 0
v 1 1
e 1 0 0
t # 346
v 0 0
v 1 1
v 2 2
v 3 3
v 4 4
e 2 3 0
e 2 1 0
e 2 4 0
e 2 0 0
t # 347
v 0 0
v 1 1
v 2 2
e 2 1 0
e 2 0 0
t # 348
v 0 0
v 1 1
v 2 2
v 3 3
v 4 4
v 5 5
v 6 6
v 7 7
v 8 8
e 1 0 0
e 1 5 0
e 1 8 0
e 1 4 0
e 1 6 0
e 1 7 0
e 1 2 0
e 1 3 0
t # 349
v 0 0
v 1 1
v 2 2
v 3 3
v 4 4
v 5 5
v 6 6
v 7 7
v 8 8
e 0 5 0
e 0 8 0
e 0 3 0
e 0 7 0
e 0 4 0
e 0 1 0
e 0 2 0
e 0 6 0
e 0 3 0
e 0 7 0
t # 350
v 0 0
v 1 1
v 2 2
e 1 0 0
e 1 2 0
e 1 0 0
t # 351
v 0 0
v 1 1
e 0 1 0
t # 352
v 0 0
v 1 1
v 2 2
e 2 1 0
e 2 0 0
t # 353
v 0 0
v 1 1
e 0 1 0
t # 354
v 0 0
v 1 1
e 0 1 0
t # 355
v 0 0
v 1 1
v 2 2
v 3 3
v 4 4
e 0 2 2
e 0 2 2
e 0 2 2
e 0 4 2
e 0 1 2
e 0 3 2
t # 356
v 0 0
v 1 1
v 2 2
v 3 3
v 4 4
v 5 5
e 3 2 1
e 3 1 1
e 3 4 1
e 3 0 0
e 3 5 0
t # 357
v 0 0
v 1 1
v 2 2
e 0 2 0
e 0 1 0
t # 358
v 0 0
v 1 1
v 2 2
v 3 3
v 4 4
v 5 5
v 6 6
v 7 7
v 8 8
v 9 9
v 10 10
v 11 11
v 12 12
v 13 13
v 14 14
v 15 15
e 15 13 0
e 15 0 0
e 15 3 0
e 15 2 0
e 15 4 0
e 15 10 0
e 15 9 0
e 15 5 1
e 15 12 1
e 15 1 0
e 15 11 0
e 15 7 0
e 15 8 0
e 15 14 0
e 15 6 0
t # 359
v 0 0
v 1 1
e 0 1 0
t # 360
v 0 0
v 1 1
e 1 0 0
t # 361
v 0 0
v 1 1
e 1 0 0
t # 362
v 0 0
v 1 1
e 0 1 0
t # 363
v 0 0
v 1 1
v 2 2
v 3 3
v 4 4
v 5 5
v 6 6
v 7 7
v 8 8
v 9 9
v 10 10
v 11 11
e 3 2 0
e 3 6 0
e 3 0 0
e 3 7 0
e 3 10 0
e 3 5 0
e 3 11 0
e 3 4 0
e 3 8 0
e 3 9 0
e 3 1 0
t # 364
v 0 0
v 1 1
v 2 2
v 3 3
v 4 4
v 5 5
e 1 0 0
e 1 3 0
e 1 2 1
e 1 4 1
e 1 5 0
t # 365
v 0 0
v 1 1
v 2 2
e 1 2 0
e 1 0 0
t # 366
v 0 0
v 1 1
e 1 0 0
t # 367
v 0 0
v 1 1
v 2 2
e 2 1 0
e 2 0 0
t # 368
v 0 0
v 1 1
v 2 2
e 2 0 0
e 2 1 0
t # 369
v 0 0
v 1 1
v 2 2
e 1 2 0
e 1 0 0
t # 370
v 0 0
v 1 1
e 0 1 0
t # 371
v 0 0
v 1 1
v 2 2
v 3 3
e 2 3 0
e 2 1 1
e 2 0 1
t # 372
v 0 0
v 1 1
v 2 2
e 0 1 1
e 0 2 1
t # 373
v 0 0
v 1 1
e 0 1 0
t # 374
v 0 0
v 1 1
e 1 0 0
t # 375
v 0 0
v 1 1
v 2 2
v 3 3
v 4 4
v 5 5
v 6 6
v 7 7
v 8 8
v 9 9
v 10 10
v 11 11
v 12 12
v 13 13
v 14 14
v 15 15
v 16 16
v 17 17
v 18 18
v 19 19
v 20 20
e 0 10 0
e 0 19 0
e 0 6 0
e 0 11 0
e 0 15 0
e 0 17 0
e 0 1 0
e 0 7 0
e 0 3 0
e 0 12 0
e 0 14 0
e 0 9 0
e 0 13 0
e 0 5 0
e 0 8 0
e 0 16 0
e 0 18 0
e 0 20 0
e 0 4 0
e 0 2 0
t # 376
v 0 0
v 1 1
v 2 2
v 3 3
v 4 4
v 5 5
v 6 6
v 7 7
v 8 8
v 9 9
v 10 10
v 11 11
v 12 12
v 13 13
v 14 14
v 15 15
v 16 16
v 17 17
v 18 18
v 19 19
v 20 20
v 21 21
v 22 22
v 23 23
v 24 24
v 25 25
v 26 26
v 27 27
v 28 28
v 29 29
v 30 30
e 4 17 0
e 4 24 0
e 4 16 1
e 4 16 1
e 4 13 0
e 4 28 0
e 4 0 0
e 4 10 0
e 4 1 1
e 4 2 0
e 4 3 0
e 4 23 0
e 4 9 0
e 4 21 0
e 4 11 0
e 4 29 0
e 4 25 2
e 4 18 2
e 4 27 2
e 4 22 2
e 4 7 2
e 4 30 2
e 4 12 2
e 4 26 2
e 4 15 2
e 4 19 2
e 4 6 0
e 4 14 0
e 4 8 0
e 4 20 0
e 4 5 0
t # 377
v 0 0
v 1 1
v 2 2
v 3 3
v 4 4
v 5 5
e 2 4 0
e 2 0 0
e 2 3 0
e 2 5 0
e 2 1 0
t # 378
v 0 0
v 1 1
v 2 2
v 3 3
e 1 0 0
e 1 2 0
e 1 3 0
t # 379
v 0 0
v 1 1
e 1 0 0
t # 380
v 0 0
v 1 1
v 2 2
e 1 0 0
e 1 2 0
t # 381
v 0 0
v 1 1
v 2 2
e 1 0 0
e 1 2 0
t # 382
v 0 0
v 1 1
v 2 2
v 3 3
e 0 3 0
e 0 1 0
e 0 2 0
t # 383
v 0 0
v 1 1
v 2 2
v 3 3
v 4 4
v 5 5
v 6 6
v 7 7
v 8 8
v 9 9
v 10 10
v 11 11
e 7 2 0
e 7 10 0
e 7 0 0
e 7 9 0
e 7 1 0
e 7 8 0
e 7 4 0
e 7 6 0
e 7 3 0
e 7 5 0
e 7 11 0
t # 384
v 0 0
v 1 1
v 2 2
v 3 3
v 4 4
v 5 5
v 6 6
v 7 7
v 8 8
v 9 9
v 10 10
v 11 11
v 12 12
v 13 13
v 14 14
e 9 14 1
e 9 14 1
e 9 6 0
e 9 5 1
e 9 7 1
e 9 4 0
e 9 2 0
e 9 8 0
e 9 1 0
e 9 12 0
e 9 11 0
e 9 13 1
e 9 3 1
e 9 0 1
e 9 10 0
t # 385
v 0 0
v 1 1
e 0 1 0
t # 386
v 0 0
v 1 1
e 0 1 0
t # 387
v 0 0
v 1 1
v 2 2
v 3 3
v 4 4
v 5 5
v 6 6
v 7 7
v 8 8
e 1 8 0
e 1 3 0
e 1 5 2
e 1 6 2
e 1 0 2
e 1 4 2
e 1 7 2
e 1 2 2
t # 388
v 0 0
v 1 1
v 2 2
v 3 3
v 4 4
v 5 5
v 6 6
v 7 7
e 3 1 0
e 3 0 0
e 3 2 0
e 3 4 0
e 3 7 0
e 3 5 0
e 3 6 0
t # 389
v 0 0
v 1 1
v 2 2
v 3 3
e 2 0 0
e 2 3 0
e 2 1 0
t # 390
v 0 0
v 1 1
v 2 2
e 1 0 0
e 1 2 0
t # 391
v 0 0
v 1 1
v 2 2
v 3 3
v 4 4
v 5 5
e 0 3 0
e 0 1 0
e 0 5 0
e 0 4 0
e 0 2 0
t # 392
v 0 0
v 1 1
e 0 1 0
t # 393
v 0 0
v 1 1
e 0 1 0
t # 394
v 0 0
v 1 1
v 2 2
v 3 3
v 4 4
e 1 0 0
e 1 2 0
e 1 3 0
e 1 4 0
t # 395
v 0 0
v 1 1
v 2 2
v 3 3
v 4 4
v 5 5
v 6 6
v 7 7
v 8 8
v 9 9
v 10 10
v 11 11
e 1 3 1
e 1 3 1
e 1 4 1
e 1 4 1
e 1 0 1
e 1 8 1
e 1 6 1
e 1 6 1
e 1 7 0
e 1 2 0
e 1 9 0
e 1 5 1
e 1 11 1
e 1 11 1
e 1 10 0
t # 396
v 0 0
v 1 1
e 0 1 0
t # 397
v 0 0
v 1 1
v 2 2
e 0 2 0
e 0 1 0
t # 398
v 0 0
v 1 1
v 2 2
e 1 2 0
e 1 0 0
t # 399
v 0 0
v 1 1
v 2 2
v 3 3
v 4 4
v 5 5
e 0 3 1
e 0 5 1
e 0 2 1
e 0 4 1
e 0 1 1
t # 400
v 0 0
v 1 1
v 2 2
v 3 3
v 4 4
v 5 5
v 6 6
v 7 7
v 8 8
v 9 9
v 10 10
v 11 11
v 12 12
v 13 13
v 14 14
v 15 15
v 16 16
e 11 6 0
e 11 7 0
e 11 15 0
e 11 8 0
e 11 16 0
e 11 1 0
e 11 0 0
e 11 14 0
e 11 4 0
e 11 9 0
e 11 2 2
e 11 5 2
e 11 3 2
e 11 12 2
e 11 12 2
e 11 10 2
e 11 13 0
t # 401
v 0 0
v 1 1
v 2 2
v 3 3
v 4 4
e 4 3 0
e 4 0 0
e 4 2 0
e 4 1 0
t # 402
v 0 0
v 1 1
e 1 0 0
t # 403
v 0 0
v 1 1
e 1 0 0
t # 404
v 0 0
v 1 1
e 1 0 0
t # 405
v 0 0
v 1 1
v 2 2
v 3 3
e 0 3 0
e 0 2 0
e 0 1 0
t # 406
v 0 0
v 1 1
v 2 2
v 3 3
v 4 4
v 5 5
v 6 6
e 5 1 0
e 5 3 0
e 5 0 0
e 5 2 0
e 5 4 0
e 5 6 0
t # 407
v 0 0
v 1 1
v 2 2
v 3 3
v 4 4
v 5 5
e 0 5 2
e 0 3 2
e 0 1 2
e 0 2 2
e 0 4 2
t # 408
v 0 0
v 1 1
e 0 1 0
t # 409
v 0 0
v 1 1
e 1 0 0
t # 410
v 0 0
v 1 1
v 2 2
v 3 3
e 0 2 0
e 0 3 0
e 0 1 0
t # 411
v 0 0
v 1 1
v 2 2
e 2 1 0
e 2 0 0
t # 412
v 0 0
v 1 1
v 2 2
v 3 3
e 0 2 0
e 0 3 0
e 0 1 0
t # 413
v 0 0
v 1 1
e 0 1 0
t # 414
v 0 0
v 1 1
e 1 0 0
t # 415
v 0 0
v 1 1
v 2 2
v 3 3
e 3 0 0
e 3 0 0
e 3 1 0
e 3 2 0
e 3 2 0
t # 416
v 0 0
v 1 1
v 2 2
e 0 1 0
e 0 2 0
e 0 2 0
t # 417
v 0 0
v 1 1
v 2 2
v 3 3
v 4 4
v 5 5
v 6 6
v 7 7
v 8 8
v 9 9
v 10 10
v 11 11
v 12 12
v 13 13
v 14 14
v 15 15
v 16 16
v 17 17
v 18 18
e 3 4 0
e 3 8 0
e 3 9 0
e 3 0 0
e 3 14 0
e 3 1 0
e 3 15 0
e 3 11 0
e 3 17 0
e 3 13 0
e 3 16 0
e 3 2 0
e 3 12 0
e 3 6 0
e 3 5 0
e 3 7 0
e 3 18 0
e 3 10 0
t # 418
v 0 0
v 1 1
v 2 2
v 3 3
v 4 4
e 4 1 0
e 4 3 0
e 4 0 0
e 4 2 0
t # 419
v 0 0
v 1 1
v 2 2
v 3 3
e 1 2 0
e 1 3 0
e 1 0 0
t # 420
v 0 0
v 1 1
v 2 2
e 0 1 0
e 0 2 0
t # 421
v 0 0
v 1 1
e 1 0 0
t # 422
v 0 0
v 1 1
e 0 1 0
t # 423
v 0 0
v 1 1
e 1 0 0
t # 424
v 0 0
v 1 1
v 2 2
e 0 1 1
e 0 2 1
t # 425
v 0 0
v 1 1
e 0 1 0
t # 426
v 0 0
v 1 1
e 1 0 0
t # 427
v 0 0
v 1 1
e 1 0 0
t # 428
v 0 0
v 1 1
e 0 1 0
t # 429
v 0 0
v 1 1
e 1 0 0
t # 430
v 0 0
v 1 1
e 0 1 0
t # 431
v 0 0
v 1 1
e 1 0 0
t # 432
v 0 0
v 1 1
v 2 2
v 3 3
e 2 1 1
e 2 0 1
e 2 3 1
t # 433
v 0 0
v 1 1
e 0 1 0
t # 434
v 0 0
v 1 1
v 2 2
v 3 3
v 4 4
v 5 5
e 2 0 0
e 2 1 0
e 2 4 0
e 2 3 0
e 2 5 0
t # 435
v 0 0
v 1 1
e 1 0 0
t # 436
v 0 0
v 1 1
e 0 1 0
t # 437
v 0 0
v 1 1
v 2 2
v 3 3
v 4 4
v 5 5
v 6 6
v 7 7
v 8 8
v 9 9
v 10 10
v 11 11
v 12 12
v 13 13
v 14 14
v 15 15
v 16 16
v 17 17
v 18 18
v 19 19
v 20 20
v 21 21
e 0 7 2
e 0 7 2
e 0 7 2
e 0 12 2
e 0 12 2
e 0 12 2
e 0 21 2
e 0 21 2
e 0 16 2
e 0 16 2
e 0 16 2
e 0 3 2
e 0 2 2
e 0 7 2
e 0 7 2
e 0 6 2
e 0 8 2
e 0 5 2
e 0 5 2
e 0 5 2
e 0 5 2
e 0 9 2
e 0 15 2
e 0 20 2
e 0 20 2
e 0 20 2
e 0 20 2
e 0 2 2
e 0 2 2
e 0 2 2
e 0 2 2
e 0 2 2
e 0 1 2
e 0 1 2
e 0 1 2
e 0 1 2
e 0 10 2
e 0 17 2
e 0 17 2
e 0 17 2
e 0 17 2
e 0 17 2
e 0 11 2
e 0 18 2
e 0 19 2
e 0 5 2
e 0 5 2
e 0 5 2
e 0 5 2
e 0 14 2
e 0 14 2
e 0 14 2
e 0 14 2
e 0 14 2
e 0 2 2
e 0 7 2
e 0 7 2
e 0 7 2
e 0 7 2
e 0 1 2
e 0 1 2
e 0 4 2
e 0 4 2
e 0 4 2
e 0 4 2
e 0 4 2
e 0 14 2
e 0 14 2
e 0 14 2
e 0 14 2
e 0 15 2
e 0 15 2
e 0 15 2
e 0 15 2
e 0 15 2
e 0 13 2
e 0 17 2
e 0 17 2
e 0 17 2
e 0 17 2
e 0 17 2
e 0 21 2
e 0 21 2
e 0 21 2
e 0 21 2
e 0 21 2
t # 438
v 0 0
v 1 1
e 0 1 0
t # 439
v 0 0
v 1 1
e 0 1 0
t # 440
v 0 0
v 1 1
e 1 0 0
t # 441
v 0 0
v 1 1
e 0 1 0
t # 442
v 0 0
v 1 1
v 2 2
v 3 3
e 2 0 0
e 2 3 0
e 2 1 0
t # 443
v 0 0
v 1 1
e 0 1 0
t # 444
v 0 0
v 1 1
v 2 2
v 3 3
v 4 4
e 4 1 0
e 4 2 0
e 4 0 0
e 4 3 0
t # 445
v 0 0
v 1 1
v 2 2
v 3 3
v 4 4
v 5 5
v 6 6
v 7 7
v 8 8
v 9 9
v 10 10
v 11 11
e 11 9 0
e 11 6 0
e 11 7 0
e 11 10 0
e 11 2 0
e 11 5 0
e 11 0 0
e 11 3 0
e 11 4 0
e 11 1 0
e 11 8 0
t # 446
v 0 0
v 1 1
e 1 0 0
t # 447
v 0 0
v 1 1
e 0 1 0
t # 448
v 0 0
v 1 1
e 1 0 0
t # 449
v 0 0
v 1 1
e 1 0 0
t # 450
v 0 0
v 1 1
e 0 1 0
t # 451
v 0 0
v 1 1
v 2 2
v 3 3
e 2 1 0
e 2 0 0
e 2 3 0
t # 452
v 0 0
v 1 1
e 1 0 0
t # 453
v 0 0
v 1 1
e 1 0 0
t # 454
v 0 0
v 1 1
e 0 1 0
t # 455
v 0 0
v 1 1
v 2 2
v 3 3
e 0 3 1
e 0 1 1
e 0 2 1
t # 456
v 0 0
v 1 1
e 1 0 0
t # 457
v 0 0
v 1 1
v 2 2
v 3 3
e 2 1 0
e 2 0 0
e 2 3 0
t # 458
v 0 0
v 1 1
v 2 2
v 3 3
v 4 4
e 4 2 0
e 4 1 0
e 4 3 0
e 4 0 0
t # 459
v 0 0
v 1 1
e 0 1 0
t # 460
v 0 0
v 1 1
e 1 0 0
t # 461
v 0 0
v 1 1
e 1 0 0
t # 462
v 0 0
v 1 1
e 0 1 0
t # 463
v 0 0
v 1 1
e 1 0 0
t # 464
v 0 0
v 1 1
e 0 1 0
t # 465
v 0 0
v 1 1
e 0 1 0
t # 466
v 0 0
v 1 1
e 0 1 0
t # 467
v 0 0
v 1 1
v 2 2
v 3 3
v 4 4
e 2 0 0
e 2 4 0
e 2 1 0
e 2 3 0
t # 468
v 0 0
v 1 1
v 2 2
v 3 3
v 4 4
v 5 5
v 6 6
e 0 2 0
e 0 6 0
e 0 3 0
e 0 1 0
e 0 4 0
e 0 5 0
t # 469
v 0 0
v 1 1
v 2 2
v 3 3
v 4 4
v 5 5
v 6 6
v 7 7
v 8 8
v 9 9
v 10 10
v 11 11
e 2 1 0
e 2 0 0
e 2 11 0
e 2 7 0
e 2 6 0
e 2 10 0
e 2 8 0
e 2 9 0
e 2 3 0
e 2 5 0
e 2 4 0
t # 470
v 0 0
v 1 1
v 2 2
e 2 0 0
e 2 1 0
t # 471
v 0 0
v 1 1
v 2 2
v 3 3
e 2 3 1
e 2 1 1
e 2 0 1
t # 472
v 0 0
v 1 1
e 0 1 0
t # 473
v 0 0
v 1 1
v 2 2
v 3 3
v 4 4
v 5 5
v 6 6
v 7 7
e 1 3 0
e 1 0 0
e 1 7 0
e 1 2 0
e 1 4 0
e 1 5 0
e 1 6 0
t # 474
v 0 0
v 1 1
e 0 1 0
t # 475
v 0 0
v 1 1
e 0 1 0
t # 476
v 0 0
v 1 1
v 2 2
v 3 3
v 4 4
v 5 5
v 6 6
v 7 7
e 0 3 2
e 0 4 2
e 0 2 2
e 0 1 2
e 0 5 2
e 0 7 2
e 0 6 2
t # 477
v 0 0
v 1 1
e 0 1 0
t # 478
v 0 0
v 1 1
v 2 2
v 3 3
v 4 4
v 5 5
v 6 6
e 4 2 0
e 4 1 0
e 4 0 0
e 4 6 0
e 4 3 0
e 4 5 0
t # 479
v 0 0
v 1 1
e 1 0 0
t # 480
v 0 0
v 1 1
e 1 0 0
t # 481
v 0 0
v 1 1
e 1 0 0
t # 482
v 0 0
v 1 1
e 1 0 0
t # 483
v 0 0
v 1 1
e 1 0 0
t # 484
v 0 0
v 1 1
e 1 0 0
t # 485
v 0 0
v 1 1
e 1 0 0
t # 486
v 0 0
v 1 1
e 1 0 0
t # 487
v 0 0
v 1 1
v 2 2
e 0 1 0
e 0 2 0
t # 488
v 0 0
v 1 1
e 0 1 0
t # 489
v 0 0
v 1 1
e 1 0 1
t # 490
v 0 0
v 1 1
v 2 2
v 3 3
v 4 4
v 5 5
v 6 6
v 7 7
v 8 8
v 9 9
v 10 10
v 11 11
e 11 8 2
e 11 10 2
e 11 9 2
e 11 3 2
e 11 1 2
e 11 2 2
e 11 0 2
e 11 0 2
e 11 0 2
e 11 4 2
e 11 7 2
e 11 7 2
e 11 7 2
e 11 6 2
e 11 5 2
e 11 5 2
e 11 5 2
t # 491
v 0 0
v 1 1
v 2 2
v 3 3
v 4 4
v 5 5
e 5 1 0
e 5 0 0
e 5 3 0
e 5 2 0
e 5 4 0
e 5 0 0
t # 492
v 0 0
v 1 1
v 2 2
v 3 3
v 4 4
v 5 5
v 6 6
v 7 7
v 8 8
v 9 9
v 10 10
v 11 11
v 12 12
v 13 13
v 14 14
v 15 15
v 16 16
v 17 17
v 18 18
v 19 19
v 20 20
v 21 21
e 19 9 0
e 19 5 2
e 19 10 2
e 19 10 2
e 19 10 2
e 19 10 2
e 19 10 2
e 19 10 2
e 19 13 0
e 19 20 0
e 19 3 0
e 19 1 1
e 19 7 1
e 19 16 0
e 19 4 0
e 19 21 1
e 19 15 1
e 19 2 1
e 19 11 0
e 19 14 0
e 19 18 0
e 19 12 0
e 19 8 0
e 19 17 0
e 19 6 0
e 19 0 0
t # 493
v 0 0
v 1 1
v 2 2
e 2 0 0
e 2 1 0
t # 494
v 0 0
v 1 1
e 1 0 0
t # 495
v 0 0
v 1 1
v 2 2
v 3 3
v 4 4
v 5 5
v 6 6
v 7 7
v 8 8
v 9 9
v 10 10
v 11 11
v 12 12
v 13 13
e 13 0 1
e 13 3 1
e 13 9 1
e 13 11 1
e 13 1 1
e 13 2 1
e 13 4 0
e 13 6 1
e 13 6 1
e 13 6 1
e 13 6 1
e 13 10 1
e 13 7 1
e 13 8 1
e 13 12 1
e 13 5 1
t # 496
v 0 0
v 1 1
v 2 2
v 3 3
v 4 4
v 5 5
v 6 6
e 1 0 0
e 1 4 0
e 1 3 0
e 1 5 0
e 1 2 0
e 1 6 0
t # 497
v 0 0
v 1 1
v 2 2
v 3 3
v 4 4
v 5 5
v 6 6
v 7 7
v 8 8
e 8 3 0
e 8 1 0
e 8 4 0
e 8 2 0
e 8 7 0
e 8 0 0
e 8 6 0
e 8 5 0
t # 498
v 0 0
v 1 1
v 2 2
e 0 2 0
e 0 1 0
t # 499
v 0 0
v 1 1
e 1 0 1
e 1 0 1
t # 500
v 0 0
v 1 1
v 2 2
e 0 1 1
e 0 2 1
t # 501
v 0 0
v 1 1
v 2 2
e 0 2 0
e 0 1 0
t # 502
v 0 0
v 1 1
v 2 2
e 0 1 1
e 0 2 1
t # 503
v 0 0
v 1 1
v 2 2
v 3 3
v 4 4
v 5 5
v 6 6
v 7 7
v 8 8
v 9 9
v 10 10
v 11 11
v 12 12
v 13 13
v 14 14
v 15 15
e 14 13 0
e 14 12 0
e 14 9 0
e 14 15 0
e 14 3 0
e 14 6 0
e 14 1 0
e 14 7 0
e 14 9 0
e 14 4 0
e 14 11 0
e 14 10 0
e 14 2 0
e 14 8 0
e 14 5 0
e 14 0 0
t # 504
v 0 0
v 1 1
e 1 0 0
t # 505
v 0 0
v 1 1
v 2 2
v 3 3
e 1 3 0
e 1 0 0
e 1 2 0
t # 506
v 0 0
v 1 1
e 0 1 0
t # 507
v 0 0
v 1 1
e 1 0 0
t # 508
v 0 0
v 1 1
v 2 2
v 3 3
e 3 1 0
e 3 2 0
e 3 0 0
t # 509
v 0 0
v 1 1
v 2 2
v 3 3
e 3 2 0
e 3 1 0
e 3 2 0
e 3 0 0
t # 510
v 0 0
v 1 1
v 2 2
e 1 0 0
e 1 2 0
t # 511
v 0 0
v 1 1
v 2 2
v 3 3
v 4 4
v 5 5
v 6 6
v 7 7
v 8 8
v 9 9
v 10 10
v 11 11
v 12 12
e 4 5 0
e 4 3 0
e 4 7 2
e 4 2 2
e 4 8 2
e 4 12 2
e 4 6 2
e 4 1 2
e 4 9 0
e 4 11 0
e 4 0 0
e 4 10 0
t # 512
v 0 0
v 1 1
v 2 2
v 3 3
v 4 4
e 0 2 0
e 0 3 0
e 0 1 0
e 0 4 0
t # 513
v 0 0
v 1 1
v 2 2
e 1 2 0
e 1 0 0
t # 514
v 0 0
v 1 1
v 2 2
v 3 3
e 2 1 0
e 2 0 0
e 2 3 0
t # 515
v 0 0
v 1 1
e 1 0 0
t # 516
v 0 0
v 1 1
e 1 0 0
t # 517
v 0 0
v 1 1
v 2 2
e 0 1 0
e 0 2 1
t # 518
v 0 0
v 1 1
v 2 2
e 1 0 1
e 1 2 0
t # 519
v 0 0
v 1 1
e 1 0 0
t # 520
v 0 0
v 1 1
v 2 2
e 2 1 0
e 2 0 0
t # 521
v 0 0
v 1 1
v 2 2
v 3 3
v 4 4
v 5 5
e 1 4 0
e 1 3 0
e 1 0 0
e 1 2 0
e 1 5 0
t # 522
v 0 0
v 1 1
v 2 2
e 2 1 0
e 2 0 0
t # 523
v 0 0
v 1 1
v 2 2
v 3 3
e 1 0 0
e 1 3 0
e 1 2 0
t # 524
v 0 0
v 1 1
v 2 2
e 0 1 0
e 0 2 0
t # 525
v 0 0
v 1 1
v 2 2
e 0 2 1
e 0 1 1
t # 526
v 0 0
v 1 1
e 0 1 0
t # 527
v 0 0
v 1 1
e 0 1 0
t # 528
v 0 0
v 1 1
e 0 1 0
t # 529
v 0 0
v 1 1
e 1 0 0
t # 530
v 0 0
v 1 1
v 2 2
v 3 3
v 4 4
v 5 5
e 2 0 1
e 2 0 1
e 2 5 1
e 2 5 1
e 2 1 1
e 2 4 1
e 2 3 1
t # 531
v 0 0
v 1 1
e 0 1 0
t # 532
v 0 0
v 1 1
v 2 2
e 2 0 0
e 2 1 0
t # 533
v 0 0
v 1 1
e 1 0 0
t # 534
v 0 0
v 1 1
e 0 1 0
t # 535
v 0 0
v 1 1
v 2 2
v 3 3
v 4 4
v 5 5
v 6 6
v 7 7
v 8 8
v 9 9
v 10 10
v 11 11
v 12 12
v 13 13
v 14 14
e 0 11 1
e 0 3 1
e 0 13 1
e 0 12 1
e 0 8 1
e 0 1 1
e 0 14 1
e 0 7 1
e 0 5 1
e 0 2 1
e 0 9 2
e 0 6 2
e 0 10 2
e 0 4 2
t # 536
v 0 0
v 1 1
v 2 2
e 2 0 0
e 2 1 1
t # 537
v 0 0
v 1 1
e 1 0 0
t # 538
v 0 0
v 1 1
e 1 0 0
t # 539
v 0 0
v 1 1
e 1 0 0
t # 540
v 0 0
v 1 1
e 0 1 0
t # 541
v 0 0
v 1 1
e 1 0 0
t # 542
v 0 0
v 1 1
e 1 0 0
t # 543
v 0 0
v 1 1
v 2 2
e 2 1 0
e 2 0 0
t # 544
v 0 0
v 1 1
e 0 1 0
t # 545
v 0 0
v 1 1
e 1 0 0
t # 546
v 0 0
v 1 1
v 2 2
v 3 3
v 4 4
e 1 4 0
e 1 2 0
e 1 3 0
e 1 2 0
e 1 0 0
t # 547
v 0 0
v 1 1
v 2 2
e 0 1 1
e 0 2 1
t # 548
v 0 0
v 1 1
e 1 0 0
t # 549
v 0 0
v 1 1
v 2 2
v 3 3
e 2 3 0
e 2 1 0
e 2 0 0
t # 550
v 0 0
v 1 1
v 2 2
v 3 3
e 1 3 1
e 1 0 1
e 1 2 0
t # 551
v 0 0
v 1 1
e 0 1 0
t # 552
v 0 0
v 1 1
e 0 1 0
t # 553
v 0 0
v 1 1
e 1 0 0
t # 554
v 0 0
v 1 1
e 1 0 0
t # 555
v 0 0
v 1 1
v 2 2
v 3 3
e 2 0 0
e 2 3 0
e 2 1 0
t # 556
v 0 0
v 1 1
e 0 1 0
t # 557
v 0 0
v 1 1
e 1 0 0
t # 558
v 0 0
v 1 1
e 1 0 0
t # 559
v 0 0
v 1 1
e 0 1 0
t # 560
v 0 0
v 1 1
e 0 1 0
t # 561
v 0 0
v 1 1
v 2 2
e 0 2 1
e 0 1 1
t # 562
v 0 0
v 1 1
v 2 2
v 3 3
v 4 4
v 5 5
v 6 6
v 7 7
v 8 8
e 3 0 0
e 3 1 0
e 3 2 0
e 3 7 0
e 3 4 0
e 3 8 0
e 3 5 0
e 3 6 0
t # 563
v 0 0
v 1 1
v 2 2
e 0 2 0
e 0 1 0
t # 564
v 0 0
v 1 1
e 0 1 0
t # 565
v 0 0
v 1 1
e 1 0 0
t # 566
v 0 0
v 1 1
e 1 0 0
t # 567
v 0 0
v 1 1
v 2 2
e 1 2 1
e 1 2 1
e 1 2 1
e 1 0 0
t # 568
v 0 0
v 1 1
v 2 2
v 3 3
e 3 0 0
e 3 2 0
e 3 1 0
t # 569
v 0 0
v 1 1
v 2 2
e 0 2 0
e 0 1 0
t # 570
v 0 0
v 1 1
e 1 0 0
t # 571
v 0 0
v 1 1
e 0 1 0
t # 572
v 0 0
v 1 1
e 0 1 0
t # 573
v 0 0
v 1 1
v 2 2
e 0 1 0
e 0 2 0
t # 574
v 0 0
v 1 1
v 2 2
v 3 3
v 4 4
v 5 5
v 6 6
e 2 6 2
e 2 1 2
e 2 5 2
e 2 4 2
e 2 0 2
e 2 3 2
t # 575
v 0 0
v 1 1
e 1 0 0
t # 576
v 0 0
v 1 1
v 2 2
v 3 3
e 1 0 1
e 1 0 1
e 1 2 0
e 1 3 0
t # 577
v 0 0
v 1 1
e 0 1 0
t # 578
v 0 0
v 1 1
e 1 0 2
e 1 0 2
e 1 0 2
t # 579
v 0 0
v 1 1
v 2 2
v 3 3
v 4 4
e 0 3 0
e 0 4 0
e 0 2 0
e 0 1 0
t # 580
v 0 0
v 1 1
e 1 0 0
t # 581
v 0 0
v 1 1
v 2 2
e 0 2 1
e 0 1 1
t # 582
v 0 0
v 1 1
v 2 2
e 0 2 1
e 0 1 1
t # 583
v 0 0
v 1 1
v 2 2
v 3 3
v 4 4
v 5 5
v 6 6
v 7 7
e 1 5 0
e 1 7 0
e 1 6 0
e 1 2 0
e 1 0 0
e 1 4 0
e 1 3 0
t # 584
v 0 0
v 1 1
e 0 1 0
t # 585
v 0 0
v 1 1
e 0 1 1
t # 586
v 0 0
v 1 1
e 0 1 0
t # 587
v 0 0
v 1 1
e 1 0 0
t # 588
v 0 0
v 1 1
e 0 1 0
t # 589
v 0 0
v 1 1
e 1 0 0
t # 590
v 0 0
v 1 1
e 0 1 0
t # 591
v 0 0
v 1 1
e 1 0 0
t # 592
v 0 0
v 1 1
v 2 2
v 3 3
v 4 4
e 3 4 1
e 3 2 0
e 3 0 0
e 3 1 1
t # 593
v 0 0
v 1 1
v 2 2
v 3 3
e 2 0 1
e 2 3 1
e 2 3 1
e 2 3 1
e 2 1 1
t # 594
v 0 0
v 1 1
e 1 0 0
t # 595
v 0 0
v 1 1
e 0 1 0
t # 596
v 0 0
v 1 1
e 1 0 0
t # 597
v 0 0
v 1 1
e 0 1 0
t # 598
v 0 0
v 1 1
e 0 1 0
t # 599
v 0 0
v 1 1
e 0 1 0
t # 600
v 0 0
v 1 1
v 2 2
e 1 0 1
e 1 2 1
t # 601
v 0 0
v 1 1
v 2 2
e 1 2 0
e 1 0 0
t # 602
v 0 0
v 1 1
v 2 2
e 2 0 1
e 2 1 1
t # 603
v 0 0
v 1 1
e 1 0 0
t # 604
v 0 0
v 1 1
e 1 0 0
t # 605
v 0 0
v 1 1
v 2 2
e 0 2 0
e 0 1 0
t # 606
v 0 0
v 1 1
e 1 0 0
t # 607
v 0 0
v 1 1
e 0 1 0
t # 608
v 0 0
v 1 1
v 2 2
e 0 1 1
e 0 2 1
t # 609
v 0 0
v 1 1
e 1 0 0
t # 610
v 0 0
v 1 1
e 1 0 0
t # 611
v 0 0
v 1 1
e 0 1 0
t # 612
v 0 0
v 1 1
e 0 1 0
t # 613
v 0 0
v 1 1
v 2 2
e 1 0 2
e 1 2 2
t # 614
v 0 0
v 1 1
e 1 0 0
t # 615
v 0 0
v 1 1
e 1 0 0
t # 616
v 0 0
v 1 1
v 2 2
v 3 3
e 0 1 0
e 0 3 0
e 0 2 0
t # 617
v 0 0
v 1 1
e 0 1 1
t # 618
v 0 0
v 1 1
v 2 2
e 1 2 0
e 1 0 0
