
t # 0 * 37
v 0 2
v 1 6
e 0 1 6
 {1 5 23 34 35 36 43 59 66 70 74 90 93 97 98 99 107 114 115 117 123 127 136 137 138 139 144 145 149 151 154 155 156 168 174 177 184}

t # 1 * 29
v 0 2
v 1 5
e 0 1 7
 {4 18 30 31 35 47 49 53 54 74 84 91 97 111 132 141 147 148 149 150 152 162 163 164 168 171 185 186 187}

t # 2 * 11
v 0 1
v 1 2
e 0 1 1
 {67 90 96 139 140 142 143 144 146 155 179}

t # 3 * 8
v 0 2
v 1 3
e 0 1 3
 {45 69 74 130 134 140 160 173}

t # 4 * 10
v 0 5
v 1 5
e 0 1 8
 {31 49 54 97 132 135 141 148 171 185}

t # 5 * 2
v 0 0
v 1 2
e 0 1 0
 {77 153}

t # 6 * 14
v 0 2
v 1 6
e 0 1 10
 {43 90 97 107 115 123 136 139 144 145 151 154 155 168}

t # 7 * 1
v 0 2
v 1 4
e 0 1 4
 {63}
